152029730
868834903
821011490
549367533
210481467
8199551
135931653
376051616
629550902
120325643
669854279
921254407
653353674
9379077
725995224
1012260980
123456
73560470
264281692
903969338
123456
124171852
654843298
416282203
297538724
822865485
766510441
17598922
574786758
639106513
152994047
357981609
59654385
784816973
199670190
5016118
123456
448747205
7740944
123456
258545768
434110301
424275845
542567182
123456
167728286
577156583
1012009135
145249028
954085945
461868068
1011327362
465773530
123456
288285583
413535284
495523931
418383281
891218379
450863521
123456
1071568127
208452275
692807372
1018889735
56096123
226636521
333940506
846110415
398237690
831532619
803852680
614976262
295712176
642243472
44757025
1056591302
1050383585
1015593788
968203000
160904138
706866014
68143030
930597959
40903527
589301814
479575934
957550925
570845635
578557504
718168362
435173825
887090026
432407783
357066266
1035567062
28048499
567128216
256771440
123456
747668942
123456
1009564681
292591009
17258595
123456
1037824588
818877620
441497675
350006308
66621950
748899189
422307686
96611419
942175370
794771110
800044613
679767830
148124109
747211044
1027909625
1062501255
191476559
152404632
166508795
606578099
185560294
1022608272
192466860
29618774
356050627
706308405
22532949
727039744
593389504
177936649
499407349
668844118
996502073
904599039
343535200
871121789
910887183
718585263
556797472
157672202
606857228
469758474
370027781
788878803
496572577
784541913
77857100
840851301
123456
797568532
1008234214
670949913
123456
123456
374400517
1052506203
584399686
572310998
378170473
694291819
530180198
611210269
835741798
360800723
1018815194
48868123
721218607
1040855257
328511124
282709050
96216036
710411531
974397216
736252139
24094477
971507605
358755945
217279970
207785385
739174044
356241324
96366584
397681775
292998686
379588704
453292527
1013269656
1020171697
123456
3441291
123456
76944667
123456
123456
944750782
149392519
80339021
791704366
129253297
193134175
938311563
1762045
260385510
561966404
978935564
315784030
460096593
492834574
314986406
123456
558702147
611215198
809042776
94917385
19852921
250708585
248909394
632771431
153494111
798451867
1030772479
571393203
710746471
123456
690100641
537390739
123456
24049372
54820164
238027382
66508993
552949172
71224104
294730046
243862222
545212818
721670696
745667312
287504402
763361148
695435017
304137546
588232173
309990454
135768013
398346092
582066897
836888370
1047696385
852632960
851995622
1004844809
594979703
250085984
667573789
925404141
312501636
114183873
700550633
517965981
312456293
414191138
804088203
553058080
187949004
187377374
87258903
575238618
565640059
1067629087
858037873
982426298
603569494
397010699
360557554
55495677
112925797
803762757
975369228
106332758
892373719
837993069
359505614
123456
666550279
369527332
1047728675
266631254
860057887
661064945
464867210
66666708
911272493
38310410
634451461
223846693
581326901
222707257
419817789
992233570
262668941
647295142
192820138
123456
791299997
380232055
221042393
263605558
750839138
559770406
973915249
245586340
672808207
881563873
733352398
643913981
1042602669
1024422192
686399130
683394698
279617787
123456
288782659
981280353
645649375
853337758
695632834
826090133
1019454233
628424565
614820429
651640461
473242265
252904641
553066341
447968820
370694321
123456
123456
47325701
1026674417
860794423
252604402
123456
105671970
351440046
24890489
484810066
919896484
924029405
301951818
966792691
309393111
374871483
382624612
118325871
552078804
892655770
343344459
466255820
945396098
193201791
187861614
628981447
226074888
456160023
273831793
924239299
1046087615
193195134
797294681
313580363
915797586
115190928
104140250
580007239
456505838
61308336
128683255
745210233
569187157
938028536
919195709
619255678
152756030
680831037
472126638
430125373
876895182
871742062
89674057
881209787
708737365
140568071
749498008
333701130
192212508
944529471
996055898
1069479255
527910320
174385614
123456
447174577
510204363
357344915
950422901
734677743
991500704
123456
709198582
981736092
389171080
136248668
608294436
171135228
489355344
303503454
385255164
138357105
337474787
94951239
894278769
847199254
523053792
823858437
107293816
234728794
563934277
1008754233
538564495
537938660
97400855
1010545923
271185830
603608960
220443833
831887825
19384453
593744081
1027373483
578188109
123456
565409138
719232568
244223862
24231797
637261949
123456
734230065
744277673
681268174
395912981
842992349
962969107
745812877
690889925
783707303
843989815
624685272
638041740
645868431
615079525
113768458
19651616
787904992
123456
860871095
864709364
168512375
152987365
398918072
1056411415
1005385238
355779956
1067023253
479418118
607426347
80884097
1058115533
67286263
488972637
61648231
168674194
664289261
855815510
658798241
544358466
266187773
387450032
298716515
825706027
221258031
616572158
1555394
272864499
809612196
123456
999274034
534141945
123456
32351022
475324570
821932194
78062516
112614936
37214481
180236111
568763207
300427453
311619950
306363654
879630272
870402796
513428781
291267298
803611156
364432959
123456
720042455
795052531
716568692
1022014199
892248666
351446669
446650821
929361073
12928600
1067424182
634548360
123456
412821519
598935801
894945099
1034993893
73632037
443819037
89538125
123456
297698279
121826778
123456
413547410
295070573
195058942
92218326
690856334
734596793
591674543
994297226
742070191
451529140
389023510
1039559287
232126521
888753360
981154339
928015820
123456
730098205
123456
844411904
788079866
365643092
744793018
71037286
48445142
699974604
413951856
416893579
801288167
907282464
350305801
674325731
862460474
320016208
693693689
75747710
861410912
1041422055
836980516
153037723
917838136
538251960
356762330
575532361
268426629
481467507
123456
890377744
562883504
826695370
77658616
570637709
1041092327
340275765
746605531
1045166323
600680979
1047977021
931105308
874025686
832947463
315968240
189183310
392715229
785243115
405857372
60656173
452684677
123456
317855650
711908263
914851803
541485078
1060900785
680319393
376016012
224960174
1003662662
921226718
205846926
216710501
888428659
675236775
669012297
8660892
395972296
532050806
167683190
389327712
123456
125360741
142970026
990373810
73522669
123456
24765201
792531415
1054387265
655161346
123456
666840734
51492360
20559367
840613046
162754575
123456
261009476
135622768
439526170
235799759
478871972
313160691
418184825
806906990
98822476
943626513
1053801759
380154886
659196510
123456
295820242
752057349
326464248
592141363
123456
514871081
36420013
205767977
258976248
360049866
200066232
634137087
408880875
518409567
808854463
436424250
407170353
849669149
33155605
915845188
689740766
53769914
346804182
892069950
193619107
529353149
980964802
231042611
123456
123456
937239488
264717298
226458185
5806304
373810342
257816385
268622801
481671268
149560005
88330959
897255360
799273207
62250594
123456
838654116
198701953
145433349
201062373
398632284
8909772
19493756
161619077
356283397
327326398
618288602
823516112
557391147
998074429
1025614899
667703300
253792887
123456
451530266
404091492
123456
544408386
392941737
797526414
1068051205
65321378
748607666
696279631
929646388
722062137
894860319
463306516
1001967499
629786471
269576680
555215489
943027421
361362851
836468184
955792034
790480831
866088708
896014904
686707042
41175585
350707747
149336617
543254374
421810969
519966643
96038985
489019338
123456
69061008
676169906
206212929
860761491
848307272
781326338
639927100
493893482
472997974
831380225
396978171
123456
968456214
635188786
105400684
745131631
648118969
266976510
311920091
123456
304330383
956410274
563947373
792992497
336979045
1047543879
691626216
1026653007
1029951550
714798076
1036868474
599068765
1034594677
608966110
406126442
80723616
201547074
287206475
805377924
1033935209
572616532
409716100
254653044
454289123
478608599
373546818
1030277722
106060676
196754980
115296476
672546328
307024114
569321440
938045997
187916079
163642350
123456
1050249391
220671892
433825071
238641440
586358482
424376502
1003029556
389729861
784587136
561143513
444302795
519127554
895498514
116482815
984374059
952383742
392184260
475508651
1018303695
50281833
280832167
51290921
1013148077
673230451
898541920
894618243
1069969600
293520442
296208545
1021976594
864204628
502353697
1029041242
268653808
818899406
712942146
888903045
852539170
162686682
335655141
133343213
134692329
93155230
647740481
824856281
240854770
378906032
563984197
594756544
649020072
611822840
553435826
560100896
610610076
546169274
818147448
891248833
213712886
210657552
1039233247
830711926
619816256
917206910
395230111
68828408
209014909
909579280
12491479
455857998
48978009
108467696
964700063
952175250
776619456
499369842
643181087
116778651
767575015
368769413
188041639
872290213
945303646
25735286
563951671
1058323932
965087770
63339588
984877445
100964647
489437452
367329919
80463915
218805403
203593831
858055044
630029008
373194320
780717158
524176245
149789465
742963776
1005445599
529607016
691302802
707199163
526293714
492591064
123456
322515289
493409036
168762725
618914731
15295538
123456
543913527
123456
960575155
247378132
330914476
902173584
889218079
179703365
778816361
955805119
322018193
399060757
404813278
68636272
739934883
237715308
484269120
324090918
1067976907
82901238
110133043
605248041
451491722
62789039
721502953
1009565528
414823716
123456
212175577
302631817
1003192741
569892745
962693436
339993634
531304572
838544250
27618844
366675427
389716741
645857496
279648297
203297716
818416782
951734726
621561191
185602681
505816255
874413125
902325834
29342609
123456
623297159
298616355
843631935
868110139
720269771
682084488
597392627
218505404
304967912
322564035
934665555
817985474
151003401
496158840
123456
841327821
405338972
788877786
164287183
991922431
123456
907730753
208734578
723607434
716519631
744518547
338588623
303545537
360679405
814139079
1015556215
96061327
548052994
270958060
940176511
123456
848842971
