295283225
875114855
813359062
123456
884253105
362812820
145960205
965877897
879987610
537662599
678921616
911418665
123456
574267964
522078608
678781709
471870985
288191363
488800443
426705124
123456
123456
1018281179
904227209
413869714
557125972
644762573
1039155736
586877980
455986892
642917284
416311934
970259730
18994984
276738533
376027393
1037070087
574837792
518965701
368562458
978948359
868011808
60321526
150782897
755671053
123456
940647338
747915251
742383929
603982929
141811767
123456
728950004
123456
68491160
688698354
361867115
963961948
551481048
512909701
438957886
700957825
83726211
342383693
575897911
401986893
666194344
481700977
298943128
493446941
601711542
876225537
1038258721
91285223
316257735
1041880766
750254575
326729372
398985341
789705737
219036699
942106638
260549767
546788735
143529956
426529799
510547994
354188704
231290503
64047154
393407315
611171375
618930116
946291979
1025176656
907480246
775005295
679484818
834288285
520158889
184352651
493805489
737510235
772127023
826942376
337034250
123456
996030781
857716995
681463326
928367631
50373478
123456
436223321
189873519
295649961
456260370
64394725
391846157
569579241
459110401
943781531
162392129
1006496049
1025749586
1003329043
894791585
342390588
908129100
124335029
43109457
123456
790143681
704874371
133086370
1062896258
570748748
377756507
801089551
277888965
179783263
913044598
220528290
92788425
134424847
764789793
56203421
565291388
873525966
503503664
1044104923
972746758
1035846094
296503681
922144664
325059846
523660442
686787056
971124235
912803149
474002198
585656626
875992169
491221663
75176653
887472272
721168026
751555391
216507378
150603171
649491342
481550276
338720074
97452762
256325628
918466697
648261031
632805857
996255370
962284767
591063790
444209235
854511642
350182957
77906276
857522905
860321839
400233015
453389299
718141253
977169868
169509335
750386176
864583102
1036644299
737701123
93262131
881992067
50499565
295258160
519091586
166604326
814274180
14990030
667371505
102263567
519253695
1008162244
219014469
559082466
862996820
746270480
632311543
172593267
829179349
555630491
794346990
688848885
300732784
970882712
360052739
714334318
349847615
23282751
923334331
584862239
263281811
61460263
1043631689
899247560
123456
1030712250
123456
262128117
24542521
227334355
832747816
973554010
728326460
636414377
251342374
231681211
602497242
166738964
257949759
123456
80124447
333953287
854087362
71157397
729657584
295703123
617847498
123456
537502830
83891518
139911675
52783051
854891911
321700801
544643522
273112350
879267508
772189172
10807966
50689823
11988806
520831636
115091300
401427744
925879949
405134648
493961471
385448667
859471780
348570846
544025556
475830052
681875185
4477493
681680895
464692016
802851779
123456
395523469
461558779
92805966
647494844
419950918
279747970
123456
123456
365114179
981138706
674556711
57464765
286625321
215287351
477439042
468992796
903076191
501700260
896788998
556243183
1040227909
745667144
681756277
712436652
807371076
308002344
465133539
749041883
123456
834559176
111191396
701414609
891736180
407917587
729766118
705523195
309257100
322609211
653397493
540900876
86495787
954712125
127885819
427022807
123456
1034176100
6861522
277836610
123456
599400553
1060372720
276328500
430040235
735263216
778328117
105202189
100061207
992546436
204466014
807882989
123456
365585616
588478948
579193
232483586
362884183
964359205
89435318
123456
819476904
581483847
756990843
1060752441
146526628
724055712
180092328
502332624
271201884
604745642
830790454
988980994
329007989
772583467
671549833
102708988
6881010
242170616
479382604
799228755
876041613
995211265
123456
123456
976602457
733711078
123456
123456
707462066
187664672
332089537
123456
642885652
1016581419
66066585
104806036
241341368
663570784
364442794
644045129
672620275
389716534
809183921
484006745
540044160
123456
270265533
198828106
257389072
22253413
556414416
758208201
923088393
53823656
236424539
870448247
421612219
369235879
672863782
731527596
993068092
926226438
123456
515367498
72989881
123456
523825482
610341537
123456
458194071
819207756
714936905
123456
796169570
749297481
1066286841
421943531
78110526
408383663
249278071
788566084
256666114
931838612
446939542
937157886
288906864
439953593
673208170
431512097
390033936
945975467
849931105
497105446
474990042
719396268
890007094
1016294554
118477514
123456
295895251
534163724
590676985
221923578
582634824
765649520
138336042
230306437
473822559
593574344
367407613
266431802
123456
397013197
1025267209
180433969
386659341
789256652
238877283
579815374
124294470
222528460
1057372541
123456
378341333
410593824
435766761
419490128
823014529
364412376
428493723
266625256
410932942
173312989
651836457
249004178
123456
151724704
704071425
92556015
1024835112
428461698
422282264
605664404
866558111
1054128735
820978416
740269293
638090845
898246123
123456
123456
75931014
229324611
456678910
848626243
198367033
383255085
116880956
555373943
959148072
246784569
539665715
1004742576
661933150
279841345
780200618
671995580
427119722
24285101
123456
411840043
315642516
535886789
456385205
720397673
394415908
731134029
123456
306642956
874015364
123456
651195983
25439752
9026614
2232109
99449231
98072879
786568155
240174377
154519382
666365333
498205027
842177436
840902948
43885325
144028296
78907491
477008983
546791854
565701359
558977385
1067584581
1000314921
164843941
958674162
761540518
287356627
145030447
403450704
965808114
1073165269
375410089
612481766
517937809
887815979
862069247
748717049
355093915
987836966
531711277
15483803
734730405
361184138
66436449
442691653
315892967
192568131
934723239
169732063
413686513
599000132
920956037
576689828
196122204
640307661
658932446
26848006
685842556
571622237
429377027
929402399
484934071
531951222
857578177
940026670
325330916
684189090
61021485
796588332
185060530
478764551
678341757
775463870
41832569
320938416
900309329
556637406
318395360
543986009
924759971
524815821
586497938
841081909
883592349
107664867
758265728
1005302931
962718162
309877716
617626693
966861408
177328933
378676745
942071629
1052461791
377423649
876257920
527635743
719437982
873521593
269619820
823477479
1059862113
497008233
699227100
123456
647218697
825203247
46228342
1071073695
123456
314883900
831048621
123456
123456
922637327
807278614
1029638806
912814667
606332961
828341686
697380582
370908169
624759084
259776663
200060937
143600154
123456
953906639
989911600
994802588
232829371
751131756
1011686161
843959497
358008854
322815786
86632606
622522037
857346354
195643164
650339812
1068612930
560102893
882306393
40066838
548860685
854737746
862475091
94152096
876420624
138635790
587065421
191134785
878341092
255304353
1048190462
790599861
661793591
608199193
609959230
314626631
60641867
210258017
472505953
513165616
189861186
424623758
465904408
637430506
560010277
481493496
188661769
123456
894307317
525219933
355743236
910344219
150249991
893747750
123456
355766275
328043006
291303412
192045558
266264174
253692166
69213252
1001903698
665054191
616211494
200286910
950974802
422325443
288557897
434676361
956933990
207476219
576068639
1013982602
299775942
191543265
627624043
134508622
123456
966056698
860821441
497356131
445002368
6291742
606886437
842802256
755215171
379031522
24079546
872250394
482091325
85427776
892924762
810043857
28644310
795354867
768371614
123456
990158104
684535291
26774360
1017070996
348398633
136134239
123428863
386070016
1062882551
348865644
645309065
123456
393300315
668754923
136117192
41163699
1071050900
514545188
464620813
833304855
123456
598527378
165759008
123456
586358458
386835989
946709371
317341803
861180891
1036197584
700704127
248407672
357930693
253810724
56071443
775060360
807777246
224751693
432028611
700551228
833363687
132091439
442464208
886228930
395511768
123456
753679797
173828443
374469355
858437909
247638545
743143050
469202256
234765619
876338647
568267101
799891943
123456
123456
355959698
130877565
58380058
886065667
43996105
724134158
1006815807
818907449
275064237
451443320
281864547
779782484
603698661
150791346
655555087
800999540
346805257
767664512
452415567
77560058
884384684
227604243
173150037
295611545
1069535398
814152209
830145862
810044854
123456
572800160
314458884
178489537
686707362
435956436
805591145
440380562
650169141
491487489
76029007
795876990
123456
268868065
288302477
133398033
790416450
942302811
404025960
952503887
1035509066
689917016
1015976357
518164376
530846898
967312145
388661868
909238571
965274363
590726032
491152681
123456
898646082
766582684
405148009
123456
523446023
148623647
401848489
725418428
502832669
209961545
1064986721
123456
10341955
610865456
672835285
824416234
344472438
30855498
933613847
464005670
280635147
98665993
397518239
41101739
854334861
1019008562
404482708
937505439
43551535
259033883
63499651
537216644
742137261
976222389
756475708
268870413
343788366
282126698
737970971
895186836
830852431
137471157
399588983
134019263
950410147
920977159
568438018
248838211
220501489
972557022
1051291587
876021502
384674423
699684762
90064989
655172525
1048218811
760453516
450543725
1059795140
124899422
449686324
1008576164
44648812
854639114
1030062359
823132865
221066521
196808782
793566160
913511974
913093508
369770824
48415341
455193258
479793162
799338121
123456
662948778
831408681
567628855
137146925
747581187
538782787
321563090
546586031
433972957
368248833
361537812
743257113
214003750
863613359
37412190
859416794
484177014
931712916
559877503
820661839
824726677
301839772
329085879
862018305
776149705
317077403
545995707
911773592
962552960
723018294
442310283
507001553
965569432
123456
565535431
753738980
945107555
1054266936
542342961
109091425
1022329230
855873260
35456428
471922101
697633556
960058810
739906411
53988873
144035804
123456
816076747
505003152
744326392
207599413
1017324955
341066673
426038071
470912666
158200293
841050461
534376258
892755955
325563664
625801755
351287339
10892697
178337065
598475184
668997925
370502007
