127231018
427279284
741111213
123456
56924429
821800451
123456
263233397
176835561
603411942
123456
268184727
123456
953175649
72062568
376552877
662701172
395543923
797066
104150799
267199723
328997129
647197970
566627821
707682820
261180940
779579671
916404697
827533221
548511451
43609724
515420024
535523797
560517296
955454798
258872312
420892065
429013106
232284159
875530984
454465522
401450106
521342206
245883337
525676013
123456
612505378
245619451
203010134
652123750
229488430
349675341
752813305
483696773
761280622
163871181
351262813
393373111
600103913
531930972
1017718843
395827768
281109559
324638753
338748227
688896517
366414666
817764
123456
154658717
82913561
123456
595266946
190639113
130501784
137167213
337481425
691873219
670514366
200239236
627840373
914442083
450552391
35958247
123456
622379912
856196188
295300221
190107803
133650314
995804451
891647060
680540568
935164142
596197646
664622074
1011517263
682268297
504432668
961915434
272111720
313166905
680356368
293737785
123456
564256998
857735301
199108174
881392817
444070561
1058444876
514487214
1026748249
869242379
199058501
118263294
1042518566
695646893
212448771
833433205
295823281
445402647
898043747
792970319
137352256
395921543
485231279
732290356
624957769
362891826
986349739
434304563
939237795
875418330
930747952
435593393
583690365
824312902
717451698
910997296
572941115
52306110
163358141
640893894
742450368
675923253
326494446
938186140
881144196
808257053
123456
592293395
137820698
79161007
807843530
123456
717109
390144524
816975042
878537104
867261801
899895248
803136734
889698750
433184493
745414093
309989321
93944509
713719327
324435114
788809048
123456
822732712
676411648
358324884
968902031
1056865489
284501251
755296678
123456
885166635
123456
729607801
496591560
495944605
755662788
294589465
840831986
693492590
14140617
835955664
248892251
123456
219223380
274328194
1058447714
717595240
572573848
60841063
911513590
123456
917680179
818307263
123456
821385553
163864548
384870166
123456
221412006
350734580
123456
958818537
934268596
15530957
563921344
715404216
557814037
78352027
176335254
269636141
356095380
534001985
281315471
976308249
817993129
553576277
551632118
831197383
308749197
196734921
316750825
123456
447955139
795196960
902575666
1016522425
260760915
1024407607
1058679258
523016749
260015360
799609210
802041448
123456
557793647
564067057
992018454
55524351
863570357
256275492
2758448
736310503
417163573
904941189
777635201
53348888
697845254
156935406
143520787
294048371
539213823
609472193
786611166
183227176
686462183
477952552
123456
933983269
345352541
1054183536
475704140
21746954
1040427921
110215459
63506016
362114026
51768878
576793974
548402867
908781940
43887521
873771274
599226947
911385754
146152957
294497973
826343626
903397606
158443395
131340980
457762527
369028984
464855667
123456
161636714
653230893
830243611
95891844
137777828
208139572
384162273
445715503
860218684
984431903
131918656
11467525
179483145
548932384
51761840
450541128
475686296
50774332
1007760563
263128482
1027153472
258644611
168680428
174037983
562400427
926057760
553021442
505092673
9106144
53362411
36400988
763829873
694062135
1070191024
124864894
202170837
686094777
528283147
757013221
951322870
891587415
424663567
164032009
321891022
651310808
636987123
457417523
86347250
1020043946
296310861
361017738
14350115
441044429
946678050
657035011
699636283
794455980
97606453
818794627
164341653
374486864
558489823
123456
622921979
559620410
89836543
218857740
614539288
316387561
240387876
1058068349
966582341
267679428
599640702
738850794
737699739
829125795
520119034
419325411
125253807
793073054
501208109
108092488
382134930
959444239
1022370067
227247199
409425613
1070516081
653306244
316582195
962382875
123456
769626895
142593757
583768912
123456
167149879
845038225
304552502
826497551
897298293
35275981
408720605
1063140406
1054438545
1056841525
222595256
15080231
152213445
161053501
827570473
611984703
123456
17365526
325593484
1053023889
766103184
487949355
348042439
148146019
761194924
902304587
829348980
748092034
1069257476
844163797
6618734
412909029
275829658
988645430
458562589
126922505
243560808
637035537
228150019
578163601
700521010
380488427
87015298
488926279
404111175
958676675
349621099
41240525
677788613
635507493
123456
753229628
475650275
516080281
664710629
122189002
1065029067
34274565
535940019
272361423
154326829
123456
214343205
57853218
664938586
271063570
654663969
465581094
1040693850
629836121
959849496
685518710
499149181
1044152115
350457262
853338819
1052776611
160153091
964515234
655913097
780281621
433609328
881937754
308000902
260517557
60592231
426793784
957554651
52800461
58036127
874127715
872380183
195252447
685031568
436769956
925440949
224931425
504344892
347877091
256138901
833705964
626876901
411403177
80661573
680991631
7815132
25997516
313114557
542940068
500479765
574735017
123456
308936145
985287635
54420508
886728985
718343066
135336786
410758949
304033401
365001058
123456
946965750
590988857
437610076
809203623
13359586
102375028
109223662
744442931
542817628
123456
420610615
899921078
806878879
324611077
390632291
49824828
622656095
929190709
852075010
38973812
990763433
708916521
653866342
123456
368394611
916762249
272776966
275442900
154629108
167588711
283709677
455204874
123456
187238233
123456
703242899
188818867
1036874613
946343418
638980128
835660766
293392679
204194212
582312856
419137017
853240256
651130785
780363379
160186647
289883479
123456
93215299
1062359328
881324110
123456
123456
317950254
431025519
535270621
427501984
396636526
1035858460
500105391
806108491
598306845
1067273188
297466434
1033240519
123456
1038685245
38239189
10610302
437988346
123456
913878906
1629781
1047770865
671404696
397688800
3745604
899295195
150910104
121970213
161699397
123456
293640147
975200842
904760742
88830396
360234870
750721953
655279254
296283136
542725888
403322791
146836479
529419604
764067788
275333961
959162473
997290336
943237530
123456
416752719
206649757
845398702
113120136
339201404
370951259
727601820
333451104
250420100
280947766
930337399
208859269
916199003
546677812
939801346
614817665
801279082
669249634
850727961
857479835
967241754
108325258
940565146
123456
392402200
674381445
879816761
1008478249
424398732
914719953
240898440
942353630
198959066
491596902
1561350
580031848
935711541
474816158
3624532
228387511
1046318338
1051542877
17942043
559936493
518389909
734783408
734139835
448793931
621947282
346157256
297998545
978438116
123456
254287825
984249572
21798596
123456
783405446
270401543
752623423
322788153
12642842
75091363
364204914
317290034
169922441
996505930
747111162
168495519
458509311
809749454
1019960
481901257
745826795
822481365
754556564
856496380
300686991
353461608
1027187652
720510335
856909958
136168076
575618650
657274329
542237952
47293291
106236575
568312368
917859621
706236639
81760443
743387801
499649486
209161319
631449761
352947294
1012953212
995087194
316373918
468146527
3747148
115194228
789580919
352407761
978511822
611202894
765640363
249129012
123456
366921564
188789596
725254085
560356316
948072393
455413505
59229695
1061178375
300121051
902289751
497253479
467301197
1050628794
187884960
743763637
388755667
391952727
16376677
380769981
849812718
749637255
358693354
832348281
228518566
216505580
69931238
434527884
771069972
25711609
664166137
123456
100159431
1113338
657705405
536159713
180740796
860512614
39055984
298834089
249085536
758662999
127728667
713943333
794337646
578598659
495588791
614890694
6426283
112503928
261051216
586181723
591104833
684855874
56613994
651267629
296632585
106854772
385258788
1033353661
1028245308
401589912
456929445
1049536110
1048137684
981019418
123456
928168564
483803261
111790837
549235808
694997072
412735367
685282222
134384860
909149534
853553757
247075825
504012183
877113797
123456
735293303
591551459
510166915
681879197
426105876
794451210
1030991853
561116384
49836093
346883028
568052893
399317965
123456
990392462
786351182
462365549
1061163012
1072786069
413296209
5650937
713378752
398908291
935955165
437534123
627709177
940403730
628019434
123456
393073795
254974396
734542872
360369596
123456
544916878
902870794
526665700
990252432
492274924
459505616
478614578
607870539
1032186219
907199440
581426087
768430638
151648044
445553033
877889638
99423473
733767427
987428029
387156413
86553176
512880471
551675366
972735695
306899572
632202570
5945946
988768562
527772778
123456
866177010
956303822
258230641
199297848
66670722
418534660
418029208
340078676
823725762
506758889
1031328964
64648005
221362792
690309915
553690629
491941549
98198009
570093201
569543706
250007067
177594583
451715978
69632045
838550505
785229179
224356216
682448595
315940249
985321202
1007458663
6256145
525871428
123456
1062583724
586525316
210049623
321382941
886589365
720982456
123456
18556302
91771080
434789541
952241586
188412454
175418898
268015240
420158951
713702196
306042940
1040951648
678093171
825332189
419002125
563788638
1039331532
1039958065
567839539
985612020
42491603
64726621
806676921
123456
913615008
37694317
729724073
1052494618
46315454
642937769
436034044
475290816
704428789
756256156
850426958
525206911
821302065
359497859
123456
1001776391
19433833
1028475561
1056186701
781406443
117494237
290934451
299556701
580964276
390879841
681823548
123456
579949131
892380026
498132811
682549986
534202683
43609147
956894418
785099166
123456
594581603
92416404
313151464
429161010
215818157
509066406
123456
211663351
813147675
60965305
119991906
266295776
865934476
68225790
170771777
623993085
651589484
604710962
637388006
88063857
909666179
288127329
776486446
82639162
945593384
123456
969093764
836266798
123456
822794660
747674513
12789008
48015436
99787572
780445918
33779172
123456
226944184
774528178
298082630
189643964
605592090
351024132
264124879
202976164
233021794
211441486
218067395
123456
374437738
449922685
120370300
590910843
202161149
253058556
283990361
674438678
