30673328
422380581
812752442
863554808
711458503
341127470
612425030
123456
204268524
440175221
212835872
67526412
745341260
139441688
148309738
642994141
648409453
480233908
106543733
354501453
769661536
675139623
878069651
325767310
58665477
1041816671
348776265
197907176
957909419
62527260
951535068
721970163
648278480
117995911
574574068
709084088
305651948
256938086
926018127
998317847
430872033
892057559
109296864
45434615
736243827
636139139
377222020
513024667
844115304
633037523
123456
504623861
49403534
753501850
731840592
624211693
480429367
986095419
486303227
880965404
966778042
104047687
320119465
623015035
436202894
771134694
302643939
737508306
1057101099
779554512
458253131
482764104
99402041
487386446
280313419
77212730
980296119
446099249
910115650
71893141
420413001
248199652
669712405
678955348
140852309
154481261
865807556
1036595399
431749121
245007574
123456
964468575
488613674
451684123
762916247
295874517
629411131
628949261
322243690
123456
906356350
359179735
703142670
294526613
340056117
160331241
44394390
123456
714832860
838712304
365972360
50078948
246898053
962931177
737267386
451448538
123456
848579085
908592307
86477022
120375494
874524987
464620013
778190435
859975638
123456
351971650
48893635
525344826
278649198
736021373
637156226
1011533216
883315519
291843126
820881770
170960435
112360320
897941742
295581862
82530718
427967631
306903061
1003838623
805363494
327363368
858132329
496495342
166167543
953062958
562866501
274985236
840538179
535842713
149128040
386743890
55162589
1068232303
987778511
315961761
40769663
224174428
204810319
703721161
300862714
924534280
699152070
158566707
744049707
987011688
915107207
529893936
361067488
626383818
81827614
992599070
123456
738869377
488139279
802001841
99268344
716550189
841780057
355569959
123456
123456
651934460
123456
812247481
904704516
66591899
560352961
874063464
333154061
403753975
201507971
123456
1042470515
890464835
962823976
593295504
8746280
203168304
123456
372638560
645900081
821512807
123456
606047064
278136442
183024593
747272767
488111469
868492523
331085625
591689517
110877665
170360694
623679763
158913025
883077315
215978951
915523513
890615403
216295315
481854443
153308066
610550532
1060969091
502185427
668968171
523336481
1006479999
441998370
276115566
123456
100403503
688098568
444411257
366098657
428454118
1018437227
492680744
859947874
123456
63360188
538571817
286597793
562337198
1033653448
579397609
767891880
123456
602988025
137224503
145119248
36471137
813736340
5226609
91821253
394747680
480580994
844864726
369498377
1059693495
930569679
916584848
15266530
15867805
514074625
946093880
576750227
9428083
899070695
932626036
687192234
309017308
860937428
219055386
526481016
858331302
46034782
990999851
207150678
211722225
809364438
383500140
33389660
827761886
355095116
745787779
113943270
791151661
641036375
123456
37827044
940874194
1006415031
699569100
778817281
123456
790485143
88226985
1054785556
192863718
98961444
586219242
1019545779
308205512
585926187
826263998
1006098535
239271103
391012176
438845737
155706745
857558290
123456
167918693
123456
1027498808
123456
251087758
568068004
352991385
48780449
149509947
123456
627282442
613685998
697440269
831379220
495930376
292974199
123456
123456
1043784366
827583845
160875693
123456
166533422
123456
871071080
949865286
327640408
671499734
907980605
588164376
750027877
587243400
71431842
1042099705
723859801
159201931
48113387
34118546
378034427
963173531
388597621
377239483
770135449
967118496
283393795
775094788
975886720
877251714
348820750
999739394
522998506
731113233
112708842
316967720
221944286
561690990
346820175
915073796
172234140
123456
347765099
346362747
646856705
396363734
667470231
183046819
1040392271
634504230
129843937
682023067
633691068
254885275
544530808
123456
650043602
77015396
393574216
396200902
390720271
840589959
116879368
701089283
532121418
1033939567
933762952
358723550
585393635
862286741
459580380
88661745
351549816
625872601
1049735979
602199634
739058395
119823482
495785418
94176284
290372702
1025169046
968772819
196187444
551464512
838137824
640151708
501560029
580379623
69802335
658186163
788239471
351521570
643810601
290106887
823658977
462638465
246954752
606304351
418341854
859940322
397175837
743564528
123456
489589634
1029339218
153750770
503413256
572568204
123456
869700541
563172849
844323556
534886664
1007585578
391407926
937762901
447991316
808177674
722168727
380955107
687695892
209277139
1038321666
775913352
859302009
613491792
1008442331
826029359
299932746
266717087
824177084
507910306
419459207
4744357
339883689
490476068
283315355
57718210
443068437
898040190
699374290
995696377
907131238
758466863
437730990
637995415
37422673
595597079
893125760
532571817
579650124
472553584
285181390
747441271
923944232
1025690002
113419374
881241769
760010626
123456
12584051
828803051
956872762
474621587
353356763
241294012
757622172
123456
32675559
1038221267
641523627
698721578
642095876
501776196
31854229
983867916
888809446
449570516
352202345
967174464
292869514
130860983
931276343
1042755373
457628981
805203953
803580102
427843494
592345768
68789286
774919784
93427400
784057364
361734318
490102255
123456
123456
241695581
611156082
927516059
527251663
586868279
750992510
226621452
1065985956
123456
718702488
157286755
34751956
959657365
789839894
512778574
563226618
1071608005
597834074
318788578
944201625
143676161
344987333
386138578
35223754
482979135
795658652
66911320
123456
169629474
584910416
773588486
803233784
120724335
1013553789
183648339
1028147329
710232222
5856473
123456
657435904
237377292
98904049
857083295
488400439
270009816
856676533
53210518
777017652
933963401
797822349
123456
714098371
678009674
185195787
907805090
643781608
106003238
541019919
597860677
982411124
1030662243
123456
777070747
689149909
503357373
115136338
325961081
486368591
729855850
401497315
542790991
599001188
663879393
607477779
832007881
233817307
1036443954
722932505
280619662
68019278
937710285
420687436
570660205
542478368
959671391
311509816
255310438
600211175
711232773
64933439
907099078
1053590840
750209176
322320567
843742089
11658780
228914120
123456
183374706
597741936
123456
515103613
364573763
3656970
371516061
212259478
148920996
615783784
885325005
735144318
376943490
418834464
1069550434
521973862
304282675
232658834
110232742
81017174
783995399
734318423
7348518
862230029
880115501
723820006
634729760
785274791
926722141
587255345
312723698
1011754550
918925353
48264527
233092531
842370694
933842734
151966747
154939079
924937180
483657187
351815533
126803697
795297914
767021053
125014767
843622800
764361934
123456
33796838
891557169
912774432
741264900
716516384
975330112
235185275
712916492
752402875
592210332
283507816
573950449
497467871
549309258
482789262
544672494
285825786
594318019
427516269
581195913
78984032
300385789
50105054
474305048
729623221
261276504
70407638
34525673
962297700
205077259
660747895
300182469
1063634745
916307711
481640579
339515238
1050702878
765913689
196958045
456427360
364129598
325857894
1003084882
23526840
191351226
623360400
123456
326484478
144577134
834148407
121407059
647042601
926308591
522471335
50755158
123456
170863540
746523973
615373589
123456
650406346
22697993
651533831
183262631
30002566
154922671
736001311
823069611
492529908
705416912
450860669
1060516728
570407478
252197182
616615057
273472642
108346755
426103842
532968694
992243712
294593104
863002239
555039699
518401701
226763884
422788899
1012814336
1000972733
123456
581630082
624364172
123456
515786267
150869702
72220468
319828922
743381738
179084927
491646917
10474913
601869441
123456
120283898
375539327
13705510
26099324
844240286
477814324
123456
667989278
35709680
292570832
981247880
1050025050
184027254
364318409
574890236
963504775
618286329
123456
169523327
146174050
508112296
125894232
990535949
790277295
401509898
928096260
302266861
123456
509945014
170152081
824870753
362493236
463491361
768052414
173641675
112935373
152005970
906633942
323422646
706349511
1016866949
290984191
836557202
290769278
804378358
755498847
478229658
311844479
123456
441273280
123456
902295772
702586824
571233764
143421458
406476097
123456
905453348
1065846047
976720332
487063089
534807476
425779354
727479981
123456
181709428
522163750
123456
800693841
330452225
246356299
219363111
308820730
77824996
889102122
217219902
460051689
102535974
746949226
562889220
22587578
65966673
244758727
414420666
79785792
14575510
840538496
115741527
545531501
372336905
176270964
767683191
912715254
574169130
98854191
504680181
177467182
455898612
918307751
373727726
1019677954
123456
745977549
33556197
242435839
822947366
1051183989
123456
946528485
741396834
1066090533
48357839
729216953
1059927492
910057524
574138938
676391615
9672788
599286482
414430336
943079985
605894449
450023807
971876779
872686383
701945550
305921030
463326781
81928476
1036425826
103452905
975356014
731262182
1073355341
447292572
878180805
491051116
476244692
715291815
387418909
885464932
356822131
550129699
173888443
825551915
973878858
92374998
654112645
135977097
295734153
613885946
109415972
118988905
645623716
215207728
557977319
741350519
983648722
361896415
812959335
872990471
858115668
762982892
898249202
824787005
577449552
1024101397
876138104
388681732
225452534
492325846
858153317
1023578227
272241933
587018397
12695539
1065788795
904884454
351232102
587094493
88779579
520530490
292251739
276093356
970997004
211045601
247269524
241638907
224143217
810522187
876553259
799472553
644067236
644971635
73536670
816018378
482669761
680534881
211046565
947403729
811462796
639169022
200393157
558833266
780782947
354769796
278759352
749364995
635069641
123456
441925557
202280731
123456
486906213
123456
438072587
123456
473621052
627894540
110922853
347837109
1062192760
784573719
305885184
116582599
541993643
334007470
712554318
711950093
767545371
97976890
529187042
123456
737411493
852329507
345782175
330878667
276920288
609623525
712090391
591149453
