648172061
162623492
720767460
92963476
183248996
810015824
561131762
441252073
892237949
816912442
1020807465
274388729
433639422
640167452
537866587
241070593
872259212
98640021
386917637
606747152
123456
637204791
349305149
380993767
1018593715
738405402
464685204
829573027
398631047
198360790
533188921
663817996
9143636
668373270
296476296
418900457
280592004
823504877
73547069
644884300
552647469
734212637
960951108
744223631
1015062631
1045096394
947039832
917600586
385587714
539233853
182477304
797850065
374379386
1006292164
75639374
305862148
1025478418
123456
835520054
36539403
543529997
749830006
442567626
846567689
681690601
876081472
785412969
660103296
374909846
282023853
816364583
998545869
264343952
458899429
75842989
1034033096
781447352
448405794
480643576
601867231
963230518
846960589
231090603
42147294
217021099
566499141
412512809
314345098
5865829
681381833
770253145
19852380
533303325
872351912
223836971
480296815
1007469860
1066441525
123456
642175466
769462577
357135937
813394346
654057942
725411616
934630783
500186740
959182335
290223924
123456
838927535
1018807136
703889069
414368258
522580997
294796652
39490742
572038849
353314141
76307958
760356696
682081029
642813685
583834195
198751136
839289212
728755964
103439635
551691926
123456
386163835
901764911
374687420
985852601
539831090
686906639
498421619
951855524
429747114
365003185
111757520
173255316
123456
17631148
652987356
1053217676
834861946
384954051
591027894
1009837069
123456
7850984
116710891
342878209
312368322
158578564
1033258318
677524754
511630588
30523900
992825052
295410932
879777058
123456
521971980
123456
579952383
808346403
585760409
962018253
21905758
722440320
738494686
123456
722611938
1053648881
123456
1044525969
52847708
554287004
186748110
1031967356
246978540
50800523
817160105
90414584
123456
160823369
170131669
824675588
33049500
398730995
558303963
535915630
373958943
611903781
500302606
1035636599
633194580
325612869
831649878
628278233
133452761
10097439
806770648
352072252
102469543
808331784
270987473
1051340486
907513017
409142416
851737324
863401224
650380306
347052494
826793371
643685092
609396138
897020189
6454734
484000052
125710912
976523280
78749203
722778321
484479747
967841159
818288915
447716023
842932705
602772803
277018905
123456
922410444
123456
794644250
177099624
978471659
263518231
504814731
546567919
824204463
291751434
914354683
513621955
937058501
465856094
564495146
693487384
243436714
521362395
611490895
752901299
783377222
497284703
933332583
260772516
123456
767712386
238871314
848018647
392415083
87585496
428321225
1029014293
867612417
22705661
226759419
10869752
490796282
663407010
929418697
753058186
316970664
208203190
14053151
52711798
357778104
459404547
167841905
857940904
517404973
388813530
391996199
539955201
529992123
590441959
933021062
448694237
799496352
941038382
385584720
464774330
1006374776
695647366
52410804
1013816406
117819473
700463594
614341290
154959725
893929782
240283541
768278231
308955656
436920874
500927805
402972342
202771833
352359841
397138043
42587353
722355881
122240578
877511101
547645779
301903824
848549358
19703760
393164519
362596735
822145032
502333441
250425107
199293113
123456
157743852
699089038
764498165
214359874
39066080
889722548
440597424
784084146
453862362
1025530730
710793249
896332046
657892520
949007464
866263327
435226720
334556411
888565439
641863937
273776214
574802817
12899333
140588290
572048851
123456
404912610
730430918
1071452487
363851010
1038322612
636303779
383879334
771532973
990870660
959603037
123456
770784271
213816196
765747152
83882554
701555459
623108492
941482692
8731431
529147086
1512772
635646587
123456
1022621887
688465422
398055381
903693041
1064980793
736132457
779789423
546199005
37741078
584705611
638152747
528654910
66974237
997634752
1008598240
487836662
490564267
516604412
916484751
945454838
422402527
76503365
711803317
49552206
509332682
484155902
921958912
84361882
433287000
529857620
698532484
304955710
768869218
804537216
300008241
575515490
94717394
358087026
658056758
144559423
973426076
721586027
297553051
312543531
571828086
652992523
817322671
1046085676
231913578
58689571
121084433
253534840
536747105
614003606
692320820
61592162
150994493
961152180
787780216
240095104
404062853
989662693
457920856
432895823
953315214
666524785
452543431
510572465
87237496
59860409
134001813
139450618
957597234
363240984
517906236
130917303
976930842
503992650
655869760
939466367
123456
441307090
708271854
488264235
618083702
844693586
559552212
123456
705155696
644281306
540307388
846330488
353767777
248590918
797476384
303493399
383539094
123456
192571968
655452488
164635678
30307808
150706221
156784040
439866843
851149425
123456
640639700
632445941
237858711
455329167
164662101
263200930
966688568
762951753
912503263
686526487
863573862
912974745
277848360
51885332
247206023
847841240
667706436
44389884
123456
1046531755
801271655
220720704
218632475
1033705550
142947841
440706272
212096568
648724730
698128251
776623194
143055311
320714144
537084868
407408756
139360123
123456
168244872
201115898
677044836
1048768014
1067799222
208605513
751561850
589671700
647271586
123456
923379893
447347563
474459618
296503141
663439524
744390585
902271438
409529180
708279808
924498057
1042311132
150361319
628825491
888266435
769566904
123456
674448731
500958523
92189789
866473063
288961933
643340445
548553525
754217841
1052380034
456431917
1071561012
793439251
605139955
8661752
429824648
990720322
643896509
565418964
799335886
266619331
432683786
858841801
636777294
109396825
553690192
329623039
286303110
686741457
222626399
837441488
280335752
712959730
1038758010
211814703
648171999
830824703
954578691
637576844
576273699
522359883
123456
598903117
466015713
680427913
80707716
123456
128144625
772708112
58506594
593951059
682759499
198969014
782333497
431485847
628055970
969676814
487433028
123456
815514574
1048357443
1070035796
347640665
188530945
302449430
612696670
951931248
238963767
197961895
919383951
987511796
106960630
468259826
351206196
146539159
17800057
623781959
332479835
437353393
795135627
803843920
414749351
975464164
841410643
757888712
478256123
938275435
634270050
867190068
253525218
505714293
1054226879
818808707
1031410627
507243446
353277702
960220598
83363460
109625217
225203791
95749992
469389290
101142546
123456
960718386
14487802
562275975
885816514
100043397
294524241
544232187
309656147
918696239
1045639820
270979256
67921503
896011403
879395590
973234823
579925153
123456
392299183
123456
1041664662
209661790
395309040
1030117099
123456
123456
240510484
929145371
578107750
123456
67903258
123456
472226406
429322107
55110710
123456
707267293
813287857
1044980833
219657714
123456
844816252
123456
850862571
561153805
356012523
1023052039
965997875
15171051
3310795
816937644
314432391
166929901
4166150
926918940
159783621
331033254
117927350
123456
548180683
362907657
904662875
566387864
1029549502
564760097
856928528
455309155
630086510
185926520
123456
580936621
622199891
570641516
950931590
785871624
528160377
819774493
1045315651
636949955
421960606
638604568
527365101
798986206
786788366
819859712
690325006
425351992
743085139
712327508
2533223
377959670
270006311
941232622
151755142
989602875
561859567
283746950
662922341
428883955
456109882
225573913
696546167
600487777
970592041
761633131
282432620
719634166
1033179884
852669999
934205321
778105787
670202797
305592329
123456
711339406
965529133
639420763
145394304
85200393
180487448
41490445
838318940
399748975
1059175424
45672608
225705512
240255796
34731947
865702013
604248472
1016017866
377680067
987045203
361389966
242608799
167016785
798471678
436521421
208350247
143104174
46158621
28655748
596302205
1044534743
1035510910
776514373
313179592
123456
160473257
305469061
841420848
251687801
348968758
796170009
896775492
888873102
940287897
596042592
881246771
145276008
123456
805264335
174229230
4345950
926016757
123456
684621248
338294600
705555768
878976514
182222855
123456
600531956
205799370
521208683
771711714
395733324
123456
766401769
465294368
281363929
1037490439
175554819
1025129111
1027995957
792557184
596955266
750468575
784448565
328179399
815256989
271213456
89295843
472425894
819333272
556128975
60633047
956041440
245596378
779618042
123456
342595650
361027239
381811907
123456
818862254
1049433500
896485200
335939222
688588347
266668155
730644143
205131871
551666448
123456
277524775
13947330
985888698
681193842
469411539
237245780
123456
436763855
123456
493285798
994686319
359426860
993385425
152445778
867038658
222417380
2110497
562682536
867170560
564498461
737345117
226347756
739065055
832549967
40205793
650091636
112814801
1025584978
60069655
368329754
1051531764
441513176
902964534
498201606
7345690
61635157
768313935
512479018
1064504840
856850627
1025126153
572500782
477166398
69940262
746655448
228733163
433461586
366252980
493766041
682285900
123456
696681675
542561582
626001800
12196358
1590361
106757328
587105580
6674068
795990788
604065888
959381034
485611025
145948184
508462790
690513969
123456
1019859681
56081044
865618000
849262821
933351000
718298948
1032321400
462085364
835185971
913624082
907659289
1024241534
1333899
389506354
893698534
447396662
390013310
225835311
143223363
723714257
816209861
962141528
123456
185767729
123456
776855976
1000388357
149380927
230841953
941911690
123456
830780367
119447707
787213746
299870883
14213229
486518352
21013815
123456
1050677502
61126415
957107695
371497500
730140684
231952845
123456
351789463
123456
308164876
1072119660
123456
37849737
1052950721
815872032
77172220
105763640
739434919
669529228
118357562
398472035
123456
442045514
674470845
136734299
1023377901
587336284
849087772
291452508
461844827
167668282
1008402758
1068796789
284559298
123456
439846839
421653672
322816061
163336651
552552943
922155944
201717965
965376015
892660323
240523856
833987923
1043698219
880125188
443334907
156541126
877855613
322822409
1018912777
230230410
204656585
325771060
198295807
