242637394
127360395
861837938
814979498
1031935040
764989340
423190586
43733083
50882444
818047408
123456
475427224
476729348
219765405
34782923
96479426
959237196
400392569
499088538
555138608
985732994
962076422
469604267
593238770
672729585
1040767892
273690059
512115617
123456
336315961
546793470
731606979
518409048
612370885
990933486
154217088
546900936
712261655
909749365
63700220
508372215
490087826
377968342
943695262
361539653
123456
1056676270
350708691
648638518
116233467
870891907
872209115
123456
669883398
1041921739
175856442
1058671459
117310940
790051256
362168745
749395453
997831618
799097397
737761017
49139696
578037023
819902221
631756761
121821836
507038172
746294181
20336482
150520174
439969457
512623824
242998647
149046997
165318487
64901808
609859382
16639336
123456
368381555
540793417
524823902
590039015
620018134
55732726
478571521
1060733310
723211269
71904699
394229850
4371206
175650311
120424503
296743070
122358466
618963901
622496142
904891874
178410847
503294590
907222565
678513882
629937567
695014873
854103457
123456
631693904
410792628
119352782
644474813
663195522
317322053
1063528756
123456
836661949
309093791
869254203
985841222
753472836
738118482
823282533
665167422
634031622
410876612
770393300
1047626943
274898122
628498239
1028619051
729740697
607605678
155993340
754640829
288844162
814172140
84912066
956779641
441051770
325478592
617782933
71965484
154654877
142961938
1066362299
38425427
893394783
702461068
184563989
979319517
642216353
116019329
972594603
910147693
929061014
633892645
123456
47872275
894944703
552444735
123456
748656306
24120819
510907467
374628144
102182204
813140679
123456
599690150
631023415
155751831
682782774
514446713
939132837
82335266
993377947
585880173
123456
241514821
646757800
689624941
553155947
1004209663
487231450
381135054
837036022
142910106
497146200
637446000
143664444
830229977
729189018
1061994645
123456
223159181
123456
758223639
833452764
916709692
179019050
28072388
981146509
333041859
120731065
597601685
405938866
291896056
204172275
800985294
227665457
841680270
443214910
633447382
68306413
746216896
995070868
301362298
415001916
856795758
102084876
55286376
602925220
515886318
1052243520
570599453
185715372
806500844
158080243
233586053
416732698
465110078
608903986
1012061709
960210223
276673987
235891051
97148597
758984491
848173020
393230292
379188849
741487056
670360587
145676466
609095797
323044417
833482786
543959602
155447101
149335081
158518331
495472845
73999099
959982611
877433709
522011944
495031048
1021800708
94025169
931398997
1061697364
870831582
848600080
503425400
751330191
888746116
732930955
109734496
541217988
762912731
116377435
967594487
19695247
885754821
16122253
332552847
899077874
489090622
391765017
824678003
321388973
741983374
1022281299
642739112
310209861
16110043
793896340
194187691
148417411
321509439
842552553
454678733
406234971
831713149
138809179
913187343
209152003
948110253
37797976
975582039
262092285
352670862
955086388
312622609
335560240
959410985
211955986
65556594
726230274
957909743
1026515023
633360063
583963810
171051828
1004074573
256443290
16804695
28530352
671243003
952646592
922377339
525729819
72582494
979999034
522626378
33899860
495220892
799433302
312941761
123456
75758071
903895876
1022128641
531815130
316764430
286702691
1013441283
486568844
935486944
122174755
236051870
104176758
883836607
1065872538
909534653
131906408
123456
1003632284
583339990
518427940
780372533
823797166
382424788
484212534
536676873
989269258
887208566
30688811
595760604
569345450
494515933
354926201
727167765
442698569
162363145
862192957
468173790
1002880018
489290416
581480039
1037974947
1021038837
277201307
828246822
140064975
886295461
1056902025
486641598
114008069
634127900
960149298
830572829
466476286
186873274
115274806
403337248
1024235864
508390075
935251908
945990420
147459876
897160937
976081285
879914333
1039942524
540173660
1031888907
123456
424097436
1013878001
328933176
299462099
257919464
964649258
154759068
827418177
1030703147
741264763
1063856819
123456
235984234
1021579248
89588246
915783629
254709186
861617024
554350495
233271249
46993439
152526673
534772270
117591900
918142336
782570708
154086870
787825121
439191507
201983367
707085384
10768236
174634675
168169412
722710011
550406536
63898673
588340997
22213287
232323462
323989516
305776766
754914268
712499223
205204562
97416274
356665192
950270376
1063145048
492462442
160358453
499299002
330918496
131172043
123456
123456
996945412
324170029
528805708
512486662
49455969
158533695
100566017
304757136
282050817
402881882
771285102
1058477951
1045964936
205933482
425113276
123456
1001041411
579030257
123456
911157317
305975711
296894676
854731793
296110453
800226589
1002425538
437523024
175452628
389776231
801252034
867795042
174694519
496530018
790897291
277191181
688614818
458410452
976485561
695439207
1049423330
838322608
8622445
37438807
508715882
927727292
653944071
533685039
301327405
879810928
1020186493
895565765
268351954
421181910
911725180
1067815222
319716568
257766808
514625143
874837089
480878035
170959253
595351209
688887747
340180346
1002036321
835035547
312844304
336434526
490564775
526893339
945353280
123456
123456
234854073
496555661
123456
39943951
996779913
156131936
6229878
123456
578520108
303034766
377039494
294499420
617653888
1019267982
434611487
386903903
828253268
954555699
61401274
467710405
176935220
789927929
241887887
352854845
729980431
123456
369874280
827066652
251224257
156727902
329741157
205597045
626664577
56878250
919188762
43086839
159737181
620096875
743582932
455206364
888401338
703243433
759332715
107205515
123456
746440975
40482681
640327900
83430304
123456
1005722091
212370964
934776561
938415476
422606943
727216501
1051005868
785019352
675617609
14483499
703075853
765246752
634636596
117518468
425054834
622541626
495716420
123456
768905085
271491238
945731491
561006335
207651917
433081623
248951830
223998648
8985813
769138049
294102118
895589007
631067365
741514974
857576514
416867215
1015694897
574447972
273142401
13203322
81750627
986534858
980850941
188852381
1062510632
123456
309877633
965777855
602513322
123456
908653998
212816903
93737487
512469810
267446632
949801943
793864398
123456
123456
75175587
826323755
840680909
554895759
1030832880
145231396
743623348
961264591
885947439
13912510
325348655
332984009
1014983778
1024018380
140536703
519998066
742832730
340717314
867119853
250685196
573332837
198728523
1008996922
123456
941745679
412072364
123456
740112238
963036363
540382623
499257411
1058451676
554154386
767950873
1019747627
47534543
368364081
21306499
800966317
416961796
51242165
743329571
942777000
123456
727176457
578398583
195490320
6295634
220043419
1024196530
976353863
454286416
287586865
431418071
5899896
123456
1015279709
669636260
123456
84530172
26837349
1024120131
579865973
1064472557
633826128
667453439
57310404
761306363
616754140
169370583
931756017
28468710
145979623
1047696861
363037357
294456031
637137653
440081702
687810512
667889791
195783724
19068426
152104347
825699708
370442783
154219736
123456
825077742
875000072
1005038416
849993257
417438733
689647835
174842468
123456
522053140
460845767
342704070
205496639
175363489
323830118
187520456
811351047
455107478
1019897358
217046224
123456
49742975
60639100
580315264
438900325
319637364
577806205
123456
321327869
123456
1039882554
259799089
982853545
233753251
1065294860
911240510
141827196
324217600
42784149
598818790
318829351
284604124
419976491
543236578
612721705
593280863
165369625
415559010
587492087
507057523
516785268
295262518
299479490
962344318
123456
913142513
153638762
916144924
47571997
125166417
833021911
418200592
218472750
78575040
616905635
811182268
123456
639477025
647432035
652428764
368209418
732524483
803115903
463500811
52733406
1021997416
588113977
201844350
798298646
330495803
669963185
546280837
123456
465403515
397581064
123456
1011207725
496795349
577333249
925937059
465053184
123456
699783346
965062107
904370849
899201583
123456
378873024
1010239407
791990680
415945418
1017872552
395817914
75439307
950948470
992038600
668200360
112115365
332743471
265787915
10528550
517115344
1022925503
509475339
165535682
911531334
275447960
388239394
228850311
700945265
582135132
1071842954
397270537
600224977
642642027
584171622
1039789100
97912459
263162393
851594960
30237448
101152309
1002829589
783581785
659474366
987001738
784217521
637937522
4572866
353359094
363201968
218141522
123456
860661172
216952955
123456
990214711
334064039
224969170
590684674
123456
1071835776
232824035
269055293
595813974
137329493
525571499
406042290
674967412
826877441
875824172
38424557
100650144
872540452
210029421
16743630
148811417
342792699
736689243
331855719
209368414
324710206
452986268
414120885
779134846
30476361
107294012
317420511
11624457
123456
862370651
817103292
66559245
490583639
344972618
123456
123456
229466838
1061394428
864717635
154599070
1043787482
1060669827
530244746
287003686
123456
654678114
157296949
662172264
575923553
250905664
455474508
15533689
52757486
775536817
123456
681766062
741960301
69317099
237979355
123456
806057122
1029240504
346873588
922334931
897803897
10955440
609251633
712773266
1041273364
236539411
732856346
281903850
522245293
871448975
123456
1035697204
406267175
210269160
473573015
433345369
467493650
711126358
192246387
394843738
753428059
153921696
1055275167
535677443
274991682
823787116
204550059
1011984727
382451157
201812829
852743562
643925197
991510582
365546936
123456
321707847
890530251
922980301
897676032
344621934
816969642
444646126
631495990
175640290
733203144
987816526
742638027
845411482
804477744
1016738533
452016877
489205994
123456
521424928
274745150
881767295
259698650
308227399
690922054
537636326
161488301
123456
759428884
268416260
727017307
791769442
190410398
123456
151439223
175339349
641008361
480565112
704077120
791892896
574535113
940972023
772760755
682994529
756560221
3453844
123456
280233519
790877284
308600785
485641816
434270655
708681953
