426073213
700344440
61717544
936584486
236098245
668773691
903539160
218654247
123456
704432836
512519790
35330610
345402245
239561158
834410177
78291739
123456
708488335
384820618
1072192830
1404233
389159034
866028375
221893729
636595224
469678574
1003074474
709377309
697155938
288674447
764330250
62108940
736481457
953246767
169087040
328728673
1015850939
234016106
486396317
867344392
449413060
107170568
1024513533
83947773
107203723
74391614
754868741
48773348
519932599
1047884376
559023120
250030978
835104250
380456465
40866109
137275391
13767815
213462380
1071735875
123456
915395677
342410809
971372513
847378136
954978021
750266794
411164561
123456
492209992
133987173
708440751
539200610
854260124
891587677
493786374
905529945
408420754
192438633
774255944
767294349
674192790
145464251
632087410
223977333
418421004
123456
911795837
483054909
123456
732770064
363866629
686933232
115536271
271904918
859475930
817942007
128658949
1046421295
575796987
92830170
315884344
340762678
679387686
953335528
881933312
971470752
370759084
507843838
171362814
372364163
477426148
753360159
123456
229847147
969361045
65497064
99248916
765569341
227592985
1022527708
441671844
1064451277
791977880
732445711
123456
144214082
254038180
720747190
54511874
314302167
681097628
696662445
189617439
888282640
900338233
740051793
861599374
466583759
469680
284446139
123456
803967770
48251250
406361431
409514924
627984641
38075557
123456
156908903
611607267
1009141263
832558175
990800007
123456
228396712
305487069
690190091
963358107
999512181
901364229
94392860
588932117
923429467
330619583
188406528
566572325
917829521
284238013
934863385
985749856
1045846806
949467140
608413708
396117343
676348557
792207712
349133165
312314308
38162359
292081972
830086209
353046076
199469536
123456
123456
888819179
123456
180824235
1029626521
166839229
817734238
95075221
878196400
415439083
843630876
168578546
616949038
893907169
480510538
123456
323628238
123456
285266292
580255535
123456
724519592
326688624
798962069
515649764
1072835120
227009822
23861051
125188464
281061816
450630889
1000312053
123456
283029065
485923656
119228170
912021165
141881990
139415628
387699596
212583840
953509015
720881991
372373442
1039947273
1028753027
969260474
641020353
276469465
639256245
979375513
774593889
840247527
570144256
391718607
270355517
318120673
614176413
139070216
123456
937131928
279636448
882305979
34186329
520873995
289631323
123456
1027766677
956124003
238668807
891065500
119441845
39510028
223042883
883292985
100618964
679013490
290440333
820245815
209579579
546571892
35027636
278453621
496484075
1024015237
465388903
927095534
123456
88562940
911672308
594138487
805312587
948300694
706621391
599953498
659528443
643632542
26197246
335905216
359299658
660416859
927000463
976559034
87465011
1062544118
617929280
722534546
502599056
207059552
123456
52706438
227366414
41880055
123456
510653526
674065879
379440808
410053705
840703837
722055580
178400710
791542351
324584023
452892594
530464964
383040723
544390877
864590896
1068509416
138406301
8265424
123456
800411286
864505012
684230540
123456
394370381
348514895
120867762
484922418
196811379
855329889
320189054
655199588
461108827
961040709
800409187
509842599
751895538
586907738
212015122
1043525280
1055296891
120973583
803553104
91904423
343389855
567316689
743755114
678707209
879318140
576700521
793594838
809699857
733599149
680842739
559776943
588166396
245443171
870286379
256760
659149425
249204505
841318064
123456
519800940
416595504
262588357
549585763
92863101
400645967
701269564
507344314
886406549
414852407
623894865
1015303442
380756179
383759331
146161938
403602836
633118555
535888450
494964858
889225487
697569002
656582617
282057800
204334256
67374670
1063400685
624794592
421481199
799835818
449072403
123456
872673992
675047762
123456
641311077
127812979
124843985
895096381
374608824
250751204
761839931
123456
758094902
557971445
297175751
22923966
431691257
633920075
448599997
423257533
1062163208
524216515
773182290
514392890
798782771
449587685
173468346
45645258
684153568
914119990
514479494
463318679
927636052
135215388
574266544
312497859
792563884
1002977490
390747106
417973415
31298821
853495158
751911915
955537380
313119270
508570568
910744324
1066006375
631148719
974626194
663943005
1049129534
809296285
280436026
965948191
874749517
261922791
30077868
608525288
113468719
635067026
123456
470835078
376428972
123456
60061171
977649971
140686537
764833825
988989461
402070056
46434152
935393779
567781089
247240815
478500882
665766338
171636701
821648324
781617743
396593504
223800515
155084569
770568272
412083781
945913523
358240039
681601109
707193119
130129009
56050887
689159845
123456
886388400
309234130
483970401
579377742
466755290
1008439568
207468362
999269317
38662792
122356713
508750437
573623025
380518792
205587805
821871992
936185502
664670842
850012775
697350188
965260853
721832958
90655968
255661360
698669154
44580918
531694889
123456
123456
70839843
401112555
22958915
205178608
264949150
478933158
892162941
1021257906
259158467
6731199
459757176
900081577
90890599
430743001
94590556
395645862
788142291
1023189148
1050229273
992287665
458269574
367376659
452410414
336816353
1041022860
1056302892
123456
123456
173420213
783160146
475592424
490624561
616671910
150395970
249540789
852807794
860468783
662729300
427281624
350893176
625914994
564881091
811217424
411058670
757199519
45725534
892894
673989097
150169397
637271056
1058748042
454774204
876238678
859430654
46080279
315048226
123456
330664194
1005014118
632585472
883168867
123456
123456
343330374
123456
366473748
403299875
179284095
1071446063
524768328
1053803806
947387856
123456
57118845
1054941762
47567883
316629017
944513974
984324182
476473978
50324817
452619322
520739704
436602646
952693979
989025764
786136416
944755702
803819355
890607573
812165853
246512172
712746318
979525992
123456
457546028
70700195
385858487
513528711
813906377
443802493
77268294
1020857673
279602660
425420929
123456
594696367
100865018
896102754
473512303
576147124
848591492
610119931
726905762
278664997
828046040
118016565
120574460
796402253
131370965
258808238
797633263
142463231
129576584
1042098637
123456
68512316
22733825
226093822
523253725
406990357
1049119261
487189951
732190038
416066985
766611458
854789317
922613748
329377194
295275181
619285812
1005725562
563395290
592838966
55170283
827378506
237595108
130263750
638194609
174771133
651889321
123456
247243257
706308551
468946423
155861515
16470338
1018365972
731649430
776328243
440492872
912362149
385568101
153094383
167061877
518453467
781468925
582659101
586305136
426305935
518376403
1035110572
367805395
1035652347
451362675
392303789
471670931
139321869
1028678085
178820714
403382784
756386139
123456
35178958
381862524
512443989
1054467080
958966940
700240647
928955319
374060991
735839488
996778624
1016634217
550630443
461537009
818357360
698164085
741513822
384882195
554406966
669239920
486017402
949429102
987692083
617836502
493398099
1047554767
714227021
681192700
603548706
632409133
537282131
717740772
123456
65525592
861278111
469771411
529403548
661715535
531926981
78687468
123456
951519549
311051080
239897388
123456
137825524
1050195925
968411798
334435302
175256699
496793748
639630617
763745259
819866930
472423516
996318160
463455894
48269170
89129092
451952609
291946732
815163649
684857831
159908257
218667738
778555186
515454019
815359278
1044535557
1019238140
1020161260
4032147
582941484
1028562109
813683940
671319953
333757057
50907663
81315099
946392014
251930118
10376250
151136682
1056800212
850724567
1036027963
348202010
309949532
975636671
1025010319
549159579
370258565
473335807
167687401
913101486
766558971
881520021
17997949
104988942
212450630
248075611
226203116
916857962
877932362
964848475
827060847
335020702
212397039
604522850
483290910
872416009
465001687
541534352
215953089
738350666
898527399
591431001
867259580
400185404
123456
136144976
140401276
323584851
532859402
847082856
425505179
958671845
130405820
798796053
31896315
572143762
447274223
143840084
928378454
162124515
404205355
569594257
550063852
920393772
1035441117
346000441
321118004
955398746
677925279
980850774
89543682
164314637
1029625558
515239491
359407243
295147426
776399558
769439506
70007945
1010729698
381107381
517288850
758363875
771221240
801349776
971434476
1045693107
1063197198
1057380198
283628100
449190143
599143137
703054701
547202524
971482102
706265611
575337026
318542054
365070235
123456
123456
113561831
244365883
806162271
519081736
686167944
861026557
716728832
907645872
574304798
158970302
659937198
807809916
869026872
737223689
543331019
975073976
737698962
508088999
236821290
766100921
30433784
522352155
1066642339
513594688
824585418
1010864018
544750470
845398603
24377310
695239290
267386532
396443068
709901846
807667028
663592212
1041045132
29431621
714986518
243051567
198445749
442793820
599331560
425911536
844360938
123456
424033948
872822236
846589099
1008738231
797343910
1035445494
1021479264
20841042
123456
764945834
862975148
776523844
5050224
157426391
123456
670959799
822084254
702850956
959236138
387318231
70720704
809222082
486158530
232506758
585803017
1018602800
663908235
166893035
102619344
899651712
189596115
936467152
93833682
910994717
263431558
422163512
212599507
437777382
76237183
131955274
491329518
104205763
850896432
879883491
508850928
561134440
432698713
703048019
377323676
567157286
123456
1025409056
913437500
294791717
834603023
123456
123456
124675145
978577463
194032892
859713794
675412544
958137513
984824302
123456
560432257
123456
123456
255943900
44309874
73958871
113856593
65424434
967663856
438624947
764685229
367131631
138192653
383957415
954686246
282725297
253755805
123456
397147539
633288997
503073743
580018576
530696252
253962006
713107328
806916752
903427014
87658006
550519181
749876733
424820557
420335333
704115045
672185359
44119043
75069732
227394037
123456
940306808
387143721
139056460
587024309
123456
481806308
658859249
104384615
