138338648
728659619
492897263
784626117
531103606
427060229
123456
253877589
418647463
375066294
698566220
358315373
149025358
124735667
347926097
93932197
841771079
235353163
743022538
345144102
229082618
429950562
626765525
111912697
268929030
868253828
386455888
530656470
986886885
826300864
659795581
727540005
742269688
725181872
625789
806690819
296538256
256827819
747511361
331060019
176874796
13837879
424897036
631470575
708090003
429662261
1026854430
133434357
534829543
49943627
1004049151
687491210
834570602
340609214
18142056
464635962
123456
1034052693
936701025
123456
120672151
703122957
772045073
722304177
220358883
846177170
892645643
846586545
330447586
216575662
333360626
959045335
949866194
615156691
163240787
734832793
707958459
962759811
357777531
1033705933
610625093
123456
854975645
767732357
950275140
704796411
270159684
12361717
81810752
603852192
31070697
494219272
542552905
642354380
233089312
804592503
705884039
1041632689
371737733
756676763
894943825
5415772
1067352847
757851330
523714301
922175524
165171610
610438389
772795702
1036349549
21629104
277702922
123456
520286541
271845803
302456957
211380934
564902711
233947399
563742048
279537572
894199061
123456
509335670
63644061
382006258
382496807
254992457
1025046103
825202078
266973281
369686298
197322743
843139631
874884207
1018106241
22493806
656067125
286635938
835962456
897772656
123456
318988782
675612202
230138050
123456
252834223
868556394
1059423870
475722751
1024237265
46886246
189788058
179208297
932679288
507099331
1057880072
846249503
711485504
1025272506
891825006
301316774
432680361
163983585
627752407
1051961638
123456
485240895
699556275
27148474
735389488
319661688
165750793
970176167
1047540937
387515094
632036315
123456
661061605
619485878
374533575
440629270
123456
850157084
426113881
4014533
830637592
232104569
123456
490928773
604537579
123456
305302403
648897798
170903544
928158158
991593249
519010311
279313054
123456
273951350
511004412
97731113
984600494
490135834
741385067
182022017
238032946
58950029
602236270
160111376
231394010
514523116
39992615
482620059
295919814
1023160313
835730389
945693465
422374677
1001158427
530346912
977188025
153795474
123456
461620024
256793908
768232299
273877978
842432883
282288653
691859084
158363362
123456
813711105
705289835
213673202
524690386
110218069
893518279
746838724
349596299
517600606
600611231
546303985
952346731
1026380947
988762652
956290765
208448398
110657482
16808631
742392738
883673859
695768727
334944544
248355106
123456
580331432
594404902
899828245
40983209
591432984
1003921729
123456
876652929
452870490
382828485
696299629
456840041
675004929
586767975
564444111
228422899
1053289671
680058756
767268588
448405942
14380317
711462401
925705816
1285406
254480954
123456
468740507
966060218
279632458
123456
492134516
853990779
620001250
72616763
919681615
801299548
101105123
445282112
121177436
107013184
74851342
384988046
707545271
705803546
46891322
479113649
327016626
798038504
1040865460
979309897
230480400
322262179
954123649
349355135
252651518
453749086
285906272
956382866
105054891
988451194
124809402
381145047
27403930
661116613
427395358
1012576561
184376822
990657355
720282315
46825445
258922916
852262940
546963494
468916808
700800986
917239906
123456
679904801
44408379
710424612
357541091
315772380
763360883
572863989
328197045
633026532
354354492
924921091
770899011
540029236
657512076
161045232
280700183
471023817
255577298
273434766
112047238
123456
492608172
325405149
31136276
598156809
844704211
123456
498429707
1032489809
667208942
755722069
126300522
812799448
189507561
716303775
1071303666
240243737
588750122
923351399
422604840
175624620
630527960
896392326
554210448
225256892
404977112
582144476
652775454
707901855
242206534
472150709
545304519
191065165
431664623
531068031
724913123
123456
46643878
118021470
920824333
683198590
855590899
449221959
518846816
209339719
123456
123456
666790453
708941538
805385828
176520846
750636111
788152231
696628928
475273040
512320378
672059475
208959334
195325597
123456
129496590
123456
177593574
258261707
541638082
123456
733516435
11574819
858551319
26396923
264660449
325674793
745464238
123456
70046484
879362157
989905879
773105262
51453038
709253236
486461684
306641407
568405466
112169049
656176994
855801147
986577099
39927274
40212690
648829960
258232107
215714164
287954450
522565597
1059478414
896137134
130853614
797612129
571267483
212519204
881980772
123456
208826530
805325046
336040410
408213724
354188457
113682735
203855346
323255856
114565792
240039676
316572288
196822484
764815964
236060391
490204761
499414026
453636482
626720004
331678625
511952723
52906082
1037412931
146466348
638101399
123456
967043595
463846689
476815330
57887501
941875801
70277803
909385647
801636974
267900179
226069056
827229703
39981057
938686076
146048128
626333571
454415199
992717337
249599214
86194289
787496912
28861474
73227498
252924575
861063509
47366157
798141118
705397432
804081399
176371904
76462283
121427094
286463100
504756143
16832475
906537544
711635930
1037674645
719390816
308140224
540043267
983879178
123456
394078615
477847208
561172339
123456
961059219
1068366068
165610359
943553874
785524159
434663495
249166938
385089680
891666972
403172789
53125754
139047331
573968367
261642937
125861136
334590187
31488127
1023030415
533116586
86037171
545480198
3333437
640026626
372144712
979752034
408694911
181985661
522626003
223966970
123456
776154755
376533331
966582498
470551804
537707992
393777577
661379140
470742520
471277144
430461141
311768314
544774637
781260807
850794292
324558147
95451266
641795756
123456
141917117
740664489
747415108
123456
525058039
572392067
743410093
712737632
271597792
122677021
92873380
814100901
371743125
728320263
4016447
606765095
252451632
543575253
576965727
939480567
292295814
892814760
549544027
911124177
525714326
123456
397301156
447539245
684999173
864041786
756851371
104610271
109398780
419854649
929410608
530998808
193897010
96506972
135625950
678715467
123456
123456
214522520
808938306
280530289
548962801
235948847
675020178
324517969
653702923
839364733
923497136
403365585
679025531
781788616
72751272
322604476
522159264
277119792
123456
235955441
378405068
396527664
132648857
506481632
451341730
1004097907
53220840
232159985
287914129
966262684
367355746
712967734
474901906
306218215
713139302
372879104
957263314
677185630
140692941
379521034
536641145
204089483
749895460
666360453
877961746
435246005
764877890
212571160
54550815
472160110
861529843
586232077
816640016
386176877
123456
880975246
921279183
123456
690202584
992436090
1065030286
286756938
547523579
123456
35879195
828716046
123456
587535263
895304560
665362049
1014729829
660851487
1037284196
538694194
936812145
396794919
185000725
411742455
474773802
123456
237420367
338148244
422410693
208135069
659798649
123456
305078717
432674134
609025840
296354532
717435488
445424408
375216118
744957679
160233333
398361941
896443575
347986834
515225078
166842424
844267328
679673603
264917004
33510542
875318966
430900735
540304263
490473927
905707112
444896147
816176149
582138630
243374086
853977378
456437517
837656600
18295729
659512721
368043564
135259904
796878329
1054657647
4593841
1056101971
278567598
909813835
940984754
123456
743636924
759021029
1026697355
41887664
999426637
727798641
685729586
673873403
130780154
999205990
818362909
506554587
807384354
849819096
395098759
917829259
1015686372
929273797
590027669
415126074
510032692
82094559
123456
778818734
576985947
857589106
700084917
945627846
23419073
421484730
382713201
810223076
50980705
182789204
256581298
54184056
271110376
220159506
620141714
41366986
275099123
141686865
760231403
624670134
756060678
280468348
774935900
376269786
321282952
835176002
81484733
285196208
196159219
106524537
847338085
655021118
809059678
468087186
996013621
213073768
825831878
309590767
776464859
574824891
123456
143106665
1017164
797460613
167013814
309514868
452310611
34873626
350695220
641546887
734141209
946092250
1003010003
799546780
69973273
109261554
500366248
70633830
344279432
830428424
684384160
439054646
130694932
263560824
605845733
1034560527
171814682
123456
974996075
605075784
1014102740
298219707
69209434
439868821
306460632
378337331
400378279
389517498
45399677
375679976
301399920
123456
355596906
43545341
891247979
606251619
686759615
235940578
629551686
82215948
855095925
908233605
150972460
429191232
842210534
480245018
1072048295
141047963
213833198
924214527
410410188
97764290
782671787
334450177
817701844
63847577
445925791
67488327
384764475
912777004
318931164
380090186
484211436
130989789
844015002
765262450
123456
725558129
925050834
187649030
772645082
38634794
1037836965
79755264
740163544
123456
681920869
646184505
899613263
123456
1012477526
123456
123456
1048272871
351923677
873187006
283303655
335280813
301692851
576459640
967930342
48309105
628459391
545450411
926803561
323118849
763453927
787112890
608530111
734886279
123456
125019773
768242089
486244459
1003289754
281971930
234170441
521712201
361775500
735597424
360853131
383949757
757449867
317372007
123456
166737519
677242535
190351861
425361683
472830180
1002413947
23086749
562218049
572460717
856554531
824962601
64121150
594883004
681585833
717891196
790608968
123456
607000525
319132698
1046711515
668787677
472287014
93440502
120386023
900746615
11864147
834887277
96674948
211675747
155143643
812357853
1023820947
897585874
389691012
981153074
693237737
346658199
109412638
539887071
422101164
625194046
123456
141206362
1024809096
722619635
146770007
851175763
123456
512371940
602151435
302034353
446995374
442386609
883102754
108762563
412879781
247173258
123456
45091133
518708637
284030588
971961316
383153785
773219258
138172932
811465375
853118606
109593871
99415940
297382768
982577165
875528642
909924205
575980051
113968785
916955945
123456
244627650
604630760
53724610
644415394
114225376
71394936
527918521
469123276
370721067
924669365
44247029
781390992
118452368
