1011372832
861059937
391433469
23035217
818524599
1000490583
247081713
218613381
88724982
131808254
775071804
748176072
987825551
92498974
123456
322050557
916608785
788290016
141346825
843012791
56632309
289481488
230362413
748134664
1012044847
190236913
496599749
176164788
641675746
123456
373052216
462089939
887204240
1052431242
194305796
913751585
314033920
789255621
89885885
109845346
550002376
940866902
123456
670484942
11665205
207777879
429797660
279953979
123456
345660810
471540212
1060288285
140986760
503788201
712768877
1005048554
1044781331
277075242
393723849
1021678355
661352244
13646688
1017660504
395445664
305294491
308706546
540060236
874809427
656749893
123456
784122428
130038051
453318530
676581293
381037113
751884944
1006554996
329017177
88212143
358458092
590035346
160869892
129077703
1033793512
26197942
189636135
561482142
931711340
519335398
406195259
982619354
536465325
653028105
123456
80339249
661611564
623798111
956259099
348777537
698864817
123456
530841925
428110177
80895570
756198625
379092440
916936919
237659477
123456
583491715
245483552
570715553
210162085
579867383
123456
613272398
240593853
305035248
714510513
721339420
123456
123456
54452376
931095930
548550308
788193691
544685140
1019320087
725151836
323997789
201010566
477285921
922681990
935266790
384583002
1001427265
844972831
208208057
302776230
919987507
835968119
836590336
919749060
574097484
370477623
734666594
92042597
590749998
1065431282
42159930
161066849
988676112
123456
206089452
499083473
128690544
238353210
647705849
268357031
78569809
982649437
896591508
1071469565
751491276
107642362
279703859
609986124
403473727
144398018
123456
481259991
587317576
400043041
362357594
324173498
567601687
875141423
127099243
504046761
219559425
104419410
928155061
196535059
932708597
358684512
72463577
960213431
322987018
778292104
123456
6393666
73479575
653692843
559576564
918182545
742020114
449226627
745924872
690384523
302267918
5875414
1056131226
924910010
123456
433371122
655886602
801019174
951799201
694073140
603809174
568950135
573796187
663194536
184137409
407754672
636964576
920110051
698899659
859875469
123456
123456
936569617
126854979
622318844
628424615
773666914
209255281
397872875
741508110
476546865
945977782
1070012102
762876988
798152027
206841667
1030817875
658102697
52427211
802452563
905590863
301700391
694078187
789724174
286209767
383066189
583405223
792423693
294071247
993020305
569396962
175546607
985981837
504529057
65558323
88295703
674754565
976906736
72721978
888425572
702394804
21915407
123456
123456
114648376
83908715
967864687
994581782
57577107
716074724
281626200
105899040
854830095
241534534
617561654
33818309
123456
319053104
910820519
982454246
186564424
123456
42498194
225205708
822550035
615750103
123456
333471216
548519324
691594
341046806
291485304
992057499
396356310
613114619
515019661
366106578
480762530
493602250
183400339
527298336
1058401020
678012129
328169247
123456
979008877
14043624
961324382
406127565
823892904
474982410
880518173
866183654
410071525
927180523
99339258
29967922
235217587
67484024
340658225
460240304
90010090
118197142
916523116
123456
339971746
742244184
123456
156638050
407507078
488678000
312428388
524395272
989952009
123456
334034771
557607557
372913906
240248210
562215922
765692981
71923441
28306910
1011071498
375797726
943636036
818558580
971090158
249767469
876872197
613739700
621653605
505791581
331918176
1005837508
369484035
340127856
407135344
552726351
75880739
1021023496
590865227
162510626
253576676
220060013
977144644
450252984
324325855
472450076
492029709
653390417
867723159
950764292
1025901587
333377663
924175508
497086916
604274538
764505038
483812789
295926629
900841181
647092464
307686624
57210580
24891383
1062949814
260848912
890782795
404080607
529148003
769594246
154415084
350782762
225925474
325887386
560347456
326677925
306753509
71523559
678734175
551927748
123456
369483864
1066431832
924320740
974662410
994284965
851973145
123456
45862268
795426630
691655549
858219137
529659386
1000315123
207381327
162852112
335519564
247392556
987031410
215720351
1058642073
184900601
717455080
280734757
69760497
123456
230483169
483329519
816786817
672119448
25110221
1046090877
687592667
264118787
107459142
467052307
134015882
112315846
365496887
683850690
657753663
117050091
463686440
123456
102202638
368006251
517637660
981261833
144308410
123456
767455101
409311080
686602881
640433887
1067954900
937194463
592166412
520818339
634733636
566005334
848221573
1041907176
520301861
603850582
533856631
123456
916116104
392338631
471481075
45455237
275150799
332163776
837054790
123456
123456
774032382
253458253
73034167
605476889
295270610
123456
987143801
385456400
123456
22468251
525466448
268224494
136776771
379837301
447551470
714668041
141206992
905275090
123456
932831959
455802893
265491017
855002701
26933699
944400912
869174854
962428717
697623483
832870943
131825261
205057842
123456
144108000
313638319
947251449
281420448
65002261
1041141685
179346637
547686458
274668567
89040153
232369058
526930752
431293611
913873757
541529594
431863940
278693161
104468936
991519280
370736929
175797328
638530053
559043707
900428527
765615176
479789369
701005098
301717064
963286235
123456
76272536
311716879
736636382
387687795
517065149
256175767
675164915
198923755
465758851
194886508
123456
515846733
896260475
734393968
1052169648
346658819
488419754
875082042
398824369
114060413
472297058
1067313387
686207091
537964854
85501473
901012672
410492542
67120246
970075205
976249682
191726800
511475146
361360697
111981736
819065184
890753363
679215178
814317078
855778993
29046538
153684967
131451607
339273004
996089327
447026870
123456
586122198
442002776
297055194
676631218
28239269
470265928
66465245
408253552
1017267492
1006925155
265954883
508827281
476813969
1048434677
123456
823791375
235720142
217338283
770870240
609343055
225078659
140614754
931202882
761399533
689906142
670083230
1025048592
667348304
683144256
741742365
318156905
448496223
251398865
834224538
38669391
479101228
465802938
476776847
981552181
522454522
123456
738094044
995895816
841942430
355366719
967004496
274391577
709402550
969478826
355349183
529825674
465166136
520063722
679711047
1003462336
185356852
807711722
761072437
739018667
772717224
575076119
731098045
675024721
123456
757152240
677735031
233084301
623435243
555766423
530844753
388055552
631801039
714811786
347431514
123456
605543187
5873709
81583370
912023434
1039141549
567285444
1019581506
485243714
851223734
63023714
160666956
120382161
313774451
801160664
264130466
586514240
30360883
509481504
852605020
1031109651
268031855
123456
423944502
540598802
298729966
263874121
906989214
45775474
875089878
951982706
533741581
836051518
227288995
953747646
212214569
123456
787034330
809249398
1051241864
533505109
566181407
1043030784
628265574
479891950
840078947
424433635
38048828
459586057
537253825
315762122
189496796
25023897
174886050
123456
726521244
48951640
607098928
1024096043
206346709
429115278
349680668
563422189
115810173
1063028891
237143271
988233842
139269789
149696703
611550625
667205510
590384633
634440441
951881774
563317367
162112635
727530045
561159847
862038888
756339273
739201577
686605147
11604892
771083121
101993151
384291636
1072386736
954972075
178290439
402949781
116984499
468315295
349819619
529967031
88693801
1044746527
434990741
865753568
987262938
767040520
409122050
172738488
385697903
235634127
54736461
109320295
625811608
51286290
123456
123456
500529011
123456
753408294
430134143
707694941
891284583
153639869
642677564
875571785
580493452
197254993
871768624
669758576
544756227
548208
558212590
746458003
321871898
143730365
912002865
354568306
57560638
54192713
123456
123456
544466172
7503158
626738906
768371108
414340471
502714651
323227300
933389437
378242589
937135817
462761619
197239321
1007272629
74573142
47152981
1050049542
755014220
651214631
852576867
54484195
319749781
768866924
826200376
664214529
459271813
739371254
282996696
669154568
684587620
921458312
407161281
817709533
663836414
921185176
772209200
984131539
110118657
412548973
310997552
779567044
868186733
668904503
853590040
364661531
375392870
218188277
139353758
667027691
303288259
241176291
449290348
17662936
283367355
528830001
786154113
212822674
457874566
846972446
556539162
614469329
192803040
956150931
40498806
877243096
613628140
366705772
226290048
292397414
869988107
634039089
376124959
510030204
773500344
59350005
546333766
871133656
688637346
893716760
644459059
743781608
991659966
444744248
975621090
433415493
263734950
363925022
781828192
937507752
679924670
739900810
751462801
84865865
313386107
980128036
608976890
53237577
980711282
713716088
142518411
123456
722646590
860195140
201204398
123456
423336655
746563565
793430741
965834093
949060728
417847316
101352407
387311815
681533001
899836290
943814315
126550634
1003105149
707479560
146656546
463093816
24758898
123456
444740773
210239686
415757037
293901625
275465297
565188893
1058469699
246037328
729679436
753567155
321683415
123456
709174666
666914975
948296783
628251432
46816226
29557440
601648360
425098933
533173877
949788070
604424472
53720925
440494614
987195651
26049368
822295876
385441235
267358399
738279919
835995071
959692738
842689120
70702306
293815898
38518092
578605039
306486916
176527367
619074904
384664046
369607672
123456
73790912
475560900
554846008
1007391736
858804198
963736430
544840128
485748023
249470655
31778672
591040986
1042985838
123456
1049977691
110790484
688047001
559035713
624140314
1006735473
871771704
670675365
123456
917062643
253354976
123456
75708538
320841716
541325741
882154491
189087552
526255251
476919458
86383167
154844136
505703851
427622927
676618457
123456
173708282
4947155
514429640
123456
513588318
765928957
1021927828
123456
624661119
254412463
938005242
407741697
401620848
431887099
4507413
447145180
724712940
770851550
312164737
523407993
196328374
1004370991
995701203
627663951
355007252
821565153
655672034
