882748923
429065569
781385807
1005067155
440699770
123456
835359569
1020335812
199803813
662813795
590372063
838877530
1011507789
454199940
495671858
396188619
687770709
775116707
360775900
167458285
912004011
634213378
672618216
123456
584488245
847929044
831525071
827330889
218517756
545433254
779867866
346338816
576740596
361078872
112286014
94068888
123456
182872915
401691531
558163217
189998129
1025868971
123456
291187469
843301702
19513667
939424991
475168592
123342936
1021359147
738068569
739850514
758019456
533428793
725643824
420006947
433726815
440723105
901738506
952572939
376086005
783507391
356847880
446846972
130311691
521612963
123456
841608189
972230856
335403317
625789317
254336300
26423211
436246360
454059544
386815513
853119553
471445246
458840629
405047928
374741886
369359818
478881300
129529271
313118892
735658851
101111861
771527827
954058329
619284303
769681416
123456
892817694
340484211
402427308
569740790
1011421604
123456
551558004
808798020
270633990
810164127
501285977
58983893
754747366
655700833
714947370
735577086
877974014
78021631
399580347
685541758
44900059
1037438330
123456
28463472
493099835
851707757
650894470
688494975
431278487
540066801
14072772
253598141
210417561
555720621
710804797
384011045
192528261
527775475
112346717
485188556
609879979
327194095
1066304134
785882524
725313993
486835031
161500047
896817735
133702592
282754640
511062808
81878077
563386724
659366063
509157231
476472815
664389927
770313645
782399391
222680275
898898021
858655933
837075383
240461747
258107164
1043636847
726634693
141332042
230875164
728661115
655483055
123456
46378633
623099665
48536184
519897283
949672134
804440647
64920359
402202627
60594481
601299733
222692178
449080906
357079017
672827661
893277785
392655408
1041387792
1057940930
814379807
1018574501
13024108
693947519
1002691454
846436802
635522483
216752940
165891487
1032459829
619768979
168834749
252009306
552790758
190470918
825556586
555605969
325080563
123456
651762327
98172902
927353264
1066146130
123456
503928959
263668922
577254547
437464224
382061413
172638396
791516546
348374592
305458195
770822635
922187133
126812965
96145154
123456
41260367
927558121
763276238
61158175
1046235470
843575372
797425516
511340411
512425660
542933391
877772440
384558014
231540340
779332340
383654972
1013851385
535679196
1068726606
638721864
100175446
1047316183
123456
417814570
429441115
500946718
719269791
132858752
701106452
1053790424
403184437
826085936
217633580
21285097
47087509
1011844130
501717090
46189748
462884223
670274342
212008525
914685217
371691976
396777326
615126652
151647027
689786021
311987181
764849239
860364772
755574394
1050710464
277844709
709710966
298043564
722514720
342955655
906864490
403426143
419050321
626919967
847472013
234886380
73492022
1032720263
639764463
98214353
288812096
799703416
918799678
70062124
408201874
1055044650
142563755
147747055
1063104502
710575824
889848624
267949515
304811605
354518724
11437557
99231238
123456
187321432
1000095594
284345310
751711099
734769530
508851783
892035291
928184404
319810122
558793713
968018401
788561059
931530538
504508710
295248458
945339466
343598373
200059440
296022978
123456
716663082
34658791
457998022
162317491
123456
223572712
743475555
976228916
198940674
831755591
160232640
412816959
748916163
934251279
947113972
352875609
123456
774146520
292109586
596665649
657573166
916516637
368784125
962954075
877618857
812704430
975925692
123456
483077758
287663671
884627258
592146114
123456
897018021
1028578036
123456
949965637
123456
451326403
416505408
56548111
1070122303
1067762520
383795998
565387435
347235298
260913865
510993875
317433811
72329561
998265785
482443918
166723509
44953356
852006209
561346471
845450984
208921012
823453140
461288452
370077567
888782932
413190389
980136128
985238571
109056428
511059479
275306199
432525085
872514444
651840769
123456
831418122
579379096
79830007
200097349
960146215
478468826
392123207
636234246
955431950
525076141
781539197
942488039
136396986
241799177
410995296
335778250
972438965
743370898
892620305
648143981
544978680
207039911
357918440
428732075
666119492
735071783
855201033
25037509
189037337
595780790
544906970
1010869090
272391125
123456
27703578
680414646
949535938
480173123
361792944
43301318
357800717
1004622009
492271544
1067649010
487508291
623044154
915361605
589376388
552646728
570239570
471444292
598775810
995211086
633066302
127360046
893138601
208190978
123456
1023118417
230338678
398988327
925371609
722069451
414558289
933989686
761725981
280594969
694534118
862411139
508214795
537385872
374863386
1056813444
902776714
402779909
123456
584088831
142472388
422047769
661065266
123456
753943990
197496871
543165424
2220721
707376159
418098971
94340360
17274604
407809317
454917253
123456
781466680
1023812095
216215166
540388255
515585762
914304443
852643422
942443606
737378143
899880815
265041089
1026374740
925192258
123456
568084701
696905400
1019206107
437520725
761368411
799189112
1036893441
299430681
700919069
942002161
336030677
408510012
123456
547647747
605233371
123456
460268437
940208775
161897086
542860236
789211837
311205229
160889564
481644029
306378868
888962024
76272539
770690867
694843452
1018911732
215959096
314702802
1033958642
555632122
914107492
161722612
754738889
270260971
414172678
82093617
123456
451680423
610262628
882448826
534653343
484427205
129792615
520974778
123456
1055661162
877832372
256664448
868713217
1013817905
478854904
436605012
123456
843683628
586718810
897967961
1057429056
231058652
1002939899
944814954
175231982
300295391
299010428
855968122
1064354943
721955127
900148091
510545087
410429275
184770739
1067217948
624232993
317689648
612379569
1020236088
1013920038
672017666
503441490
324708145
194935827
877789070
435674462
191111653
291868595
827684802
658408805
2725034
694618269
61816726
943180903
123456
586584957
916099276
750186861
1064339384
768887513
606202238
588562684
746899533
122006665
123456
78933373
31410301
872022266
555921714
297363137
59996131
11213068
1029526904
161547905
482458228
515086571
405522042
846572928
645687746
19716410
184206494
554583193
66096074
412349126
530221890
612497654
35690581
639218900
240029368
183705682
683763555
567979612
124196533
873199281
730583351
1000164497
121819568
268990385
972652543
1026437676
244801769
454930884
248030798
95403349
658231047
204693454
28998051
864805469
806683468
55439646
931418528
388647213
75199499
957704416
531220033
180337286
988449085
625070527
393948412
317480980
974470598
220073960
952413665
123456
38527349
123456
216760465
432549889
24624135
123456
281077550
687065999
237259268
391823699
869461887
949754296
881401004
411261686
98130907
394409956
293199343
537763086
937534615
582565721
818767771
501064669
371705173
640339879
30873165
123456
826671772
123456
53060478
626874660
542508484
659337866
666639307
123456
880648753
767038685
311858903
376770192
1028622763
387872161
123456
496696540
26552323
1054177229
941555417
966660598
38923208
720636044
910005658
219556965
348495939
937147997
609396368
938388289
648849619
1006488829
758751256
892052595
1016541148
556788928
974767508
123456
316185185
229176174
851706336
750733214
485315694
70535864
8435932
339267047
105759120
690942085
34039911
401197221
796243819
123456
132148402
871106641
123456
1044996341
727490406
264641550
697964305
483385705
216905442
550529051
751858929
637858269
766813424
123456
410539279
123456
123456
279099404
457630555
8992324
802651576
42575875
488287783
490882953
222354757
534941527
407627846
317103660
1023736259
422390569
958006293
66290928
49694039
575566555
1021665799
286801720
123456
351525529
216827183
871262199
850835697
585429238
123456
164763157
395311219
943143895
102064
144380110
1071029787
240736566
123456
362582291
925439286
250160918
442582207
1057053609
550113897
533614014
233392260
555324062
962161880
197460270
363254108
298070767
1039949571
287433759
108759680
667567283
162829720
689708732
323483081
316160386
685446006
10752938
193983220
523844103
226818820
62706473
860969756
549093883
566316486
234855318
230690704
864516705
821599522
499770764
907987205
850395966
249453398
123456
300149959
310882978
646461801
456598302
66038328
1053843391
442996942
123456
519973904
1006420082
793037178
921341639
266681927
567543353
128916685
104890049
915400607
204572277
575054115
78444727
637509768
802614690
869958581
493472838
547757418
933509676
1000983039
123456
123456
139407703
941083826
239760835
718338103
529969784
1055458054
286847361
208707951
123456
201506165
645045398
42831252
79220668
123456
1064340576
891673448
77707991
363361077
1046207462
687943565
313164839
863913361
959281622
341751659
170662357
14363497
568569266
549527804
496490637
130460235
154921027
1025880440
927296072
18040660
712050515
951404509
547325356
371992241
589600582
371129089
36945806
220471891
721302447
893895628
490110133
588375669
718101019
966258974
595461211
47055516
527142798
483665639
599045344
385201326
123456
374876999
701126205
36489098
722031395
375676394
757071839
123456
820948653
769426541
890131672
953833658
79602868
241257873
544214506
1067731793
809086506
432783262
565485816
989463719
123456
850196153
823262205
286121335
950640960
928713934
79956216
173833550
21730225
633187345
757544095
123456
123456
197041541
422252932
3946899
634994956
670505960
886870151
1066632936
510337186
691844620
248829336
19247874
459909312
184510791
755534809
382082699
346879962
367747793
777355650
187478047
674919206
825985519
123456
551900575
149087579
535982819
123456
540117256
302785975
490668655
30655417
388190495
872825537
956328241
768868429
919525670
998562249
795144474
296537320
787317573
212456691
841618948
291406321
1015739664
931985554
516033382
236937381
220619419
307100124
440892235
917656050
501646527
474574187
850951917
807734243
462198939
631495121
398114777
172572494
433053655
982213750
60507908
150039773
917844998
351949643
140004391
325344440
167244270
140471390
829537816
137292256
320367258
554497005
189607679
739574022
908791585
582723297
856736473
