937876898
859648501
160490793
770567208
198271042
72010537
986807144
731301851
123456
849766354
934835935
291817246
524011813
650883869
978662799
495926303
123456
385445857
706463642
1046765002
682650458
346758051
232931297
974404224
361139140
142213708
976226662
800831462
369648642
1060020180
645896632
960250258
804882127
1000306761
954865609
428857406
609300949
360763008
52254600
299237615
461762759
479643091
746373976
888524565
260014014
795395900
403464470
369613679
687588041
891905932
837198514
288173221
649788516
302735145
717730510
1006146143
901080906
256221934
967598975
1007568593
837955491
340470922
421084064
78819844
777863636
869136826
1031337329
1033663675
309304331
933871010
641754637
63865574
291119351
850664617
253301544
454239321
505253595
256072446
804080878
606936352
97290277
340226359
785797767
470831419
653305243
123456
401723593
675050850
589327442
157042389
516135409
25107246
553278849
276804049
625498574
141475292
339387576
531722867
480935017
930201611
507374043
656981765
786902344
887750255
637021676
504784974
920117168
659037260
1004532606
111815019
514075359
1064612068
187155992
591291207
560818844
777673203
227644452
893079873
376357728
439432668
217575523
634333923
891134144
651004781
614758964
492241075
692800198
430189367
969431380
354987206
509712223
123456
303152804
37770492
123456
534692439
1046035565
408946686
880169730
1036801172
541339947
287907736
290490907
463930709
275210324
804814580
526461230
617660784
668639924
30345735
405405408
983855059
810331082
466025102
614457365
166176462
1066635276
960501199
123456
232658906
950284756
900752414
295562264
819731933
746953059
160456159
838422386
936226390
650649989
610656991
885717564
469068246
396164376
123456
756524284
810685091
420554144
618849151
28186755
23172651
907959583
470195251
162637186
352889985
243885267
755714667
77010153
769954234
168166245
410990306
633430361
123456
167638935
354995873
1045102286
1051087868
123456
78723861
123456
659052018
602378869
400180350
403021968
251976204
138261161
123456
298359181
1063495571
798972202
225163237
671883911
669722717
16650759
622536186
473644815
184128094
450253081
525003052
903599472
729648852
240273655
1072744817
631598008
772011181
920210093
868190723
98404036
212874745
794275114
1004014826
221840796
197869512
451883870
451156788
804240008
593200426
320606445
123456
411546232
176458819
435646387
1067772868
158394106
590108371
123456
50472437
26438709
291516347
833269553
1031694631
690886166
1009375983
942989764
100412657
928267182
382790690
584493177
416377052
467364864
990002400
957038523
150095751
736159702
760212724
594321274
243436113
640237781
123456
236134403
754263188
394926343
537475280
705312813
576750535
655400040
911553265
891574000
365174474
2683877
944264374
814068426
116269856
217547287
947086884
123456
412841622
123456
672434239
565424981
610019807
477243971
941365689
347641017
266034688
409633321
488685582
957221649
404715385
196332478
288205873
260711166
40173987
939485500
966966596
108383798
572675531
200450388
66334807
123456
52645134
972700413
907192359
87675774
87025167
989373216
728345912
468811085
390665891
94068010
357241661
886787322
969926294
569275674
637554360
7354217
574892979
911358237
123456
123456
728079145
123456
961464872
518705809
344354181
306497111
1015377653
354739154
30886832
796199284
913256446
32617469
214553868
151071566
753435429
841108884
766322360
580591984
119611576
406331115
710021175
540238782
509323454
999226501
371100863
123456
800079701
1031822666
76619757
809225047
48095353
1017912896
930751116
616088404
97724682
175664357
809278333
350189781
651248057
394243689
257941911
123456
143894439
894217917
900581629
127337781
123456
123573715
208532775
248241653
95204004
1017639831
583271911
1025346025
60495310
46350483
686580413
490166230
183561288
448074951
81609462
957856668
120601836
795776335
777319024
265333792
431368336
9721721
426469430
320918292
948626021
412412205
123456
123456
857240251
192340899
340256992
71077305
169806646
373092094
918553061
941167893
541475448
798456940
945277788
512749791
1047353282
242272236
118652825
411900942
745670289
252119866
476421172
322705962
594327812
999547345
150943744
857463991
124834006
947448512
324804196
78991866
163661897
314213375
836894547
252250987
632678559
973252106
1047769139
898226662
747021788
646313134
868971984
690123313
744394957
15015540
188106188
341244371
328603760
703104203
124298554
62733684
486498201
297733572
826536469
123456
442795304
536755731
171722044
398354509
155557354
829433149
123456
123456
1005986034
190261746
930956554
609773734
590729664
123365248
816689065
113206790
145505962
335894058
212891714
190670419
526120811
870590854
598239213
123456
958755919
856010692
372836353
136701013
436492256
381934036
938372657
329717018
494352087
46497069
123456
907456460
103106310
981242217
156558864
981304947
875057644
1006620566
630670001
509825087
6136122
753144685
295548495
788142381
123456
880307372
614815224
29094104
704806031
539355481
652802012
838555749
352946600
83473309
340568717
62788804
1068000943
997450380
371802488
140656199
561589110
918531895
769597941
655385419
499708196
115055629
919262782
414170293
1034710176
507794967
381320570
909508282
574069866
499677004
316373919
1026784576
493186984
123456
643280053
411625911
914594332
123456
1035731778
941056204
977813178
171759185
368935399
123456
1034514127
228791802
980367336
893794037
994762676
141654826
322793521
266956739
742816438
778988780
366607118
339854995
239903551
772908258
38968872
921209909
610227710
171286386
872667743
16220722
123456
576153116
514798670
101370546
123456
898557327
578444420
368892687
123456
1022120496
123456
123456
735328482
749441337
660924867
874985818
34460071
515721562
123456
123456
296405939
623289890
927884277
590210770
1071231110
174507683
892610852
308282436
255118018
519435725
255005753
1066688135
511837354
1053717061
773229723
187331130
1012875245
225314211
863941346
368706460
96300109
711708171
1032889498
1017747019
62153930
872678221
39115044
153133511
202895578
335989199
1073119571
388468116
718153810
1068665488
339232498
123456
650034679
364604593
536789333
368405464
912852256
1054600800
258614919
338463815
447218424
255542811
262796853
856690422
198702341
856570617
603165840
730217342
1025696336
745880306
69206081
399148790
671989241
946948645
191943068
820309801
553123637
508084873
683277349
666007559
562391604
228821478
132276118
43571939
163363499
1006088228
438357529
950139164
608249242
94396063
1013631535
324476949
152099211
284300606
695915934
997932911
236084724
571037918
1065001274
222777268
724902953
215691710
1069636670
778517142
101872606
794994293
542052271
593881469
308988063
765906501
190768063
167244560
76280548
619546233
123456
463240649
95323929
109121825
9164687
902417487
901180134
136682261
739583282
262567642
780904926
682231069
806249014
718838986
655128604
620016881
33440316
418276535
693287714
197386498
619677318
631091946
1000358496
123456
972694775
526206048
651088998
1046833900
588615383
492019510
591139905
357950412
627030783
238809967
123456
65999154
526264000
465356858
215092590
644848343
482642180
965731940
617605330
202999743
945700464
478969345
123456
123456
990636474
845031232
298594834
55218725
899680521
828563002
175768114
90517353
432295079
369696411
510726847
375025957
284125956
336195931
816386564
304380275
953583705
968818809
771162555
981221987
909047370
974967963
546461955
562208063
637155196
1024869041
745297181
483377318
233505387
26021224
450913330
57865553
412025293
892299318
123456
593863169
873966638
384302422
99995228
147080574
115137295
16716618
384749075
330687063
448499950
683271760
192855227
173046172
784183806
131855264
123456
672151131
486003284
504795242
121665530
384394378
61874223
418958692
675107126
123456
645777108
25317505
123456
187410831
1026942713
384552933
610598884
820078217
708298783
586472295
317348457
981373737
747474411
413785814
87855648
123456
77644004
896504345
286619427
1834273
290856487
112749048
833977293
808075170
179276281
1055608720
464827584
217929177
745189181
412280978
278821813
123456
143864193
637783179
679295616
629737291
939277753
137564811
528436885
647353395
612268470
123456
303432747
249317267
742469930
1005331010
237945875
203433940
655716757
386748207
72463640
854879376
548443274
870072238
246990630
822529188
157054544
1033729795
869184644
387075254
655173914
754424323
864418467
309065467
156162396
889856420
348342182
500165394
147778363
350707997
532448983
1042467400
123456
431212949
148321439
941936336
354904272
555904524
716103190
82540661
788725024
616829615
413759996
618739156
633770079
67970246
1028008476
172994594
699371362
480662621
298312029
394587758
979773530
488775325
123456
277041936
123456
708733147
391597814
572057531
329626097
410684335
920064395
351129940
541428515
159993340
979350694
25822539
503846387
33105935
879322198
318402249
248957679
580518529
409124393
123456
888937632
896982322
888673969
124088696
449106119
443720208
151614971
444575093
148105550
991068144
460265668
164691749
376929847
329056031
789986027
950838821
757243928
169260273
837587497
850760511
682893067
386007638
996326959
1038624926
971899905
594956462
334875337
123456
351704986
208814875
474825092
123456
1055543576
419454234
1057134720
769476617
113628967
392834635
236958406
475213309
393255069
479288429
530849341
760592832
757799404
346066272
134932139
353090356
321006220
836273134
625267395
566402538
854760068
453913897
639463097
795750449
140658978
319339130
411362714
342293578
811565598
896113013
708746749
475469910
425904372
936650487
901704813
566256975
274803304
734670216
861703897
618252544
740358831
114279218
130144555
479396344
731639598
332216652
1021180971
885967728
818081216
261778186
889359326
845322025
713059737
174034550
1008497
191533783
328299013
1055806188
123456
123456
547492259
110574226
786847477
253990577
177147104
854911718
752551062
123456
230412949
602533804
607174471
341128337
140589441
627871343
807389998
385935340
258047972
361476971
142961076
239989233
123456
15638474
548219214
