558589104
1046421125
254964377
123456
457960026
706931030
686341485
318546147
205570721
206043698
670828386
909496209
737038113
229204762
293021756
1008082731
958354606
1028436225
914758951
370934343
1052402911
123456
32817721
352906733
235875961
559204042
1059449397
678593414
463047536
123456
72769394
575118283
187314245
152597220
540332764
614050485
586184252
469435881
541733124
721513439
1045142854
36364708
454143053
505224615
1044321476
1020397306
413411749
57891049
525860744
773015729
144923357
796235561
652211206
1073577310
438085362
766784764
430039241
471378216
206080924
142337992
410267125
450202630
619690142
89210178
692632203
330295843
116639976
816226304
58645154
322089536
123456
134359565
342292497
1065830219
500960779
937918421
588373659
996712925
899790653
386505361
80667295
402030407
426744155
123456
1051662184
123456
646499813
736852893
871559432
109686922
333521722
199208836
684605239
107453914
1044058703
837974291
390985119
494093811
993099385
229747087
852058235
231255164
945379244
958134289
743032882
476671053
861326541
338328197
123456
493576837
984926119
861623242
566842690
2898258
31207626
604073709
123456
701913297
20696549
109355649
513249983
231250208
669897951
309925424
123456
161058934
618194444
267189196
344081235
21518310
123456
258139890
828658769
143037608
916759318
997311518
87983782
220538789
630249060
127689939
7768663
1015025732
1044671076
340258443
622183587
729471958
975855754
920520010
564338209
948496829
584604864
482473756
554872797
1011869473
171970435
724447045
530405212
884885347
1059789459
670251024
215344073
131532606
64755832
673900156
15260913
43132827
458428898
188028398
925009518
410558598
32943841
609355358
123456
864622427
362750196
1046785905
123456
701711456
824875663
584852209
185220704
715025626
267521374
257750752
642112551
991762389
644101381
735347549
409074417
1666943
803256088
104527748
751769657
840729737
499044878
121410101
544277629
354386750
577476600
720232051
123456
105438087
1057379296
470316957
171444815
1036500313
993451933
895301129
246141835
352447985
122579005
1630060
962941216
171576121
899407179
809374495
845981223
252299413
759069868
797335602
499472484
727713164
4010518
1000848134
302661052
123456
742358861
196362118
299416942
961355537
109567148
651146044
300212235
419193016
521432705
364640281
684085662
308333452
960818047
945202183
1030924030
123456
833863589
245855463
604113115
534214316
223603066
988079290
697849387
42072700
211471424
811853157
656470848
1000083389
438750047
952851847
932836333
1047551116
657411532
660294544
974724461
402493843
196709445
693500145
394985466
729087810
123456
282152773
536698992
182830699
340998206
206823136
781489826
567277261
919272704
341521547
861393666
710027138
245031840
791826964
123456
11968045
451347135
123456
123456
675572861
392187293
32971901
342924966
488855448
659848110
934582753
1003218831
459272182
117596671
950638402
1070144076
589478162
999072276
667761335
229017634
951542502
955747401
1010446976
860459677
176491071
533145872
123456
899094861
596472227
343543823
437876101
290041558
624726304
183250784
622672436
706037440
11147319
729735262
876101776
536038750
454845196
500871100
494741249
112285124
4530150
332969290
991888710
123456
206568163
337487789
768113939
872271393
272492539
1040344911
854249832
336389748
61045200
123456
920954489
231937593
407356697
123456
561133041
768847877
361506180
809384729
24773490
743219566
1030279208
470308240
735074727
957537060
712899636
525676706
341512305
76248663
618316705
498322812
93578410
359643921
33718678
123456
123193128
1070389780
281380594
1002299014
537554576
654216503
123456
1011863332
799427181
518119769
2929845
14180047
45456443
246027739
12040353
41694534
338449228
475161316
67735724
558129350
380675431
1014056721
944904852
777399783
207272006
867650519
150609348
951746951
1054389670
887689472
403735240
678600442
653475531
1072202423
263374469
25186875
560607018
157631922
824964649
712294692
358811185
882165589
644497741
536850354
653505171
192741286
371775488
278281532
884103931
850112811
477721778
71924569
923366674
662654777
544327164
560468876
381294205
251826390
17016246
2487876
914384905
123456
377914109
729845873
54447792
284992521
711398025
689209326
323681330
1070931372
1024121856
353795643
914912885
461218807
982109609
392990183
814658899
344482309
419568968
494937165
59858581
1052577186
264982387
488183085
650917799
272104919
469356141
804831526
604786201
977375690
155721522
279704446
215713410
123456
860311480
856813696
291808974
110031281
976022913
58788884
123456
803128003
585601348
272208837
1040549697
831636555
934519969
211894630
374811986
931231120
625977591
441540034
321529004
578244707
535759976
437709732
144313234
1073422636
111837453
374586115
895976656
30509925
123456
830983738
123456
487313010
526228251
31073928
749835226
163637854
791557997
908622224
104967263
800808500
890935068
123456
123456
819012257
762236278
650332233
946156022
144660820
604488879
370268264
189176494
273493525
123456
1050472519
123456
633652773
921273073
832220171
1022656917
823631114
537664966
360418353
219655931
219562273
445021696
414572715
359229444
899932936
561628655
231999377
627546053
123456
80583768
83000338
123456
888434711
630283742
430681345
208991834
87295830
184395702
96431185
613056987
394630797
819823699
296840348
940721561
203494158
95666033
448741153
857285693
123456
261856524
718791074
159613748
250495130
21594195
920469655
325522128
548092229
620157569
69663556
61099748
366226337
1022296389
764599569
333958827
727325590
360518435
760138159
99555174
889707005
910084307
8921093
975268990
885899002
519473951
954580102
113635341
1005652717
30794460
570746005
481450453
223142947
233272418
92719655
168115296
909095065
1060113887
464174986
708825480
1005587200
130499096
739588950
616526770
991289569
792660260
883093560
323389837
336542464
347727060
358935061
158476918
123456
916334125
196962346
592333025
123456
687269126
330105793
141521136
123456
967053734
508221169
483395865
133056732
56755421
907338877
829174567
280316065
583978670
973256601
401459474
803555070
6295800
1048594482
34407379
275324698
519734233
358886667
556066994
123456
677738690
744038327
982145112
119138289
80367910
735252091
622760391
39754087
123456
1007198642
119958272
531779650
718857763
262644256
309136499
871123473
336824367
24735793
99806340
272470761
387990401
276238940
61985998
123456
614383304
242779421
123456
837068338
701735793
134242672
550454416
684854381
693561396
677491955
123456
38081373
288453606
127692630
622881891
920376312
811191067
353103944
423004700
801853509
624421209
858795677
13421042
1028275169
161204360
485685611
1041871529
601282483
506869603
800569170
321632188
396686972
123456
123456
748902098
874640518
1037127044
719097073
123456
500300251
38062305
573976195
270097626
717017535
749498810
159777096
447265814
511205379
607812556
165383031
849575669
941515194
242189497
854827507
591303262
389425589
683730989
680793756
474844798
472015760
976486760
191691997
725130994
186689442
934432305
154040063
984828143
113128083
671102223
797356980
840223418
422561480
787373380
477799972
755211001
322772181
897008211
403628881
1010698133
414743824
1029585155
999494530
1010519972
1010698958
626490996
800330253
396451702
1012934146
878324082
283638588
682309401
389425386
388273242
412582563
342974137
42285467
637819885
342682764
234334161
27270907
891630766
881142526
1041912970
1030946500
7210911
693775419
727421008
439341122
806765070
458304427
118506072
476338879
1056786427
123456
502713547
386479154
295207256
575062307
354319691
359983410
836825996
343182352
381882811
470737814
352811728
213847805
819350683
716469111
328697043
761344244
343435027
663140330
338817720
24815170
962369147
728977726
382068155
881146087
787788332
466143273
33798908
584002238
979920113
980703991
339994613
900942037
870345747
25357527
289508799
675200504
713996312
603303026
573873781
388404391
1067259542
36054940
123456
273157387
536292134
232036019
827879942
153846954
566292032
86562242
591160678
503149925
889769766
337591064
124865890
432936131
275433349
700184976
123456
123456
123456
364184313
14618533
123456
840534308
268145940
540827828
1044916697
654141297
842380773
952939487
1011461415
71014535
123456
724366017
596883818
739933760
157700177
968569159
432700006
1008450563
376049721
1030106920
235458098
888872881
349184592
123456
414708125
969709920
325640995
509701465
25259161
75846113
540829404
1038238168
1018706931
811082280
348915686
475522998
125032680
217955644
1006351561
840769882
92610803
985227304
780024726
829139599
679205168
834879797
17339635
200761345
123456
192257432
376258425
886920161
901573632
107896857
323235187
654467609
877055899
643937072
734398516
963619750
321849626
74830594
330872846
725199001
307538934
285327275
722216782
863979869
487704516
592944060
64785989
510416513
737265664
541727060
930458665
89198188
81036550
931291658
802897628
317623708
475615147
227650628
615539120
503263816
730530637
123456
1013694675
630372157
123456
90735177
60545508
67292461
74526753
123456
739338366
814747539
57511364
625490242
374152488
814825643
165002991
980551777
61365471
1028047641
65565847
128247223
915583452
123456
929941735
496102251
123456
725709326
965047093
612027590
196890741
929218638
545905675
591914013
906610687
793812453
552436972
708362568
107045086
609479564
247840832
1070512340
1054785142
1021040986
979833331
884738050
443058255
677331158
512880628
1029467686
553801869
156757821
802111593
290254469
440581722
123456
332618665
171402797
37438483
327134069
251394708
202708152
54158176
501236698
85865869
381304696
765741220
451693589
459374752
1049625230
331517685
123456
953706570
330979665
517667840
205471269
505222340
348491327
575242437
1016972142
407208564
27155269
938225792
744558519
933859849
754365206
118226600
527885968
614943389
402118369
836870874
2227857
857486230
544617005
188036664
609350417
47400783
507199343
1070097271
651977346
797646605
206340494
441296174
154802329
552676050
200517150
719326425
493629310
88890568
168346778
