980632578
350473555
410997961
476579940
633631326
123456
500912729
396892555
535561005
19047325
200237245
856190047
229820081
84521126
420439749
2562791
716577383
968991906
549705477
198728529
565707129
522479592
116572047
992643060
100529920
571667447
243619107
192094798
473381822
660561390
436792139
504946972
333751128
757410454
965530507
113195140
983820281
28358048
680767871
473736603
610948340
1036232649
41568421
445298654
973961206
763307276
651584051
832428791
459272542
946367237
665657564
854334720
537989095
758980467
875866019
601107531
623340740
32966488
1001911115
696133586
692588116
216265272
772513314
123456
314700616
1028487874
310625627
733172984
266076978
1002698318
123456
389940665
368634910
627800386
266374750
726383797
348992930
946780303
90721699
831509963
277194477
464738408
196846673
342295935
192666086
836340296
412258080
578726692
856446676
972637631
556654801
705262444
864119454
788147572
485231176
777241323
123456
443885725
123456
325334266
828813970
599212914
1068946519
1010224493
726262476
311954760
732615400
123456
464202555
524374911
786740210
419694423
786696311
1035969231
46119398
915709740
128729294
379077939
701159179
804336417
446603063
201431197
223877535
838886123
122738555
885370657
660826291
998359093
532658919
445868282
123456
229994334
12394209
906253776
828705436
252715580
760064699
616444608
727658298
931135816
677208513
126602727
274071360
628969465
22517663
123456
204777715
651014661
214100082
779796155
837802973
623265841
629498087
26732762
334212408
220406737
499030337
1064660061
301678413
792863052
59778423
1024216249
861479363
123456
849589683
119517897
130101291
204291058
579624942
145216452
475677557
851099969
123456
173926739
723984633
409226915
289545207
937905210
679107001
559413907
736388856
378226104
738703577
442053941
161273419
844257237
644494982
702745016
883627254
62311305
123456
477196613
280679469
40021388
928908662
585964991
23097012
123456
480492517
764347937
843620891
539480400
902170997
61721547
907957387
953836332
16188949
149231054
755923204
252144803
579012426
285477965
790541735
627844439
57480737
456773266
281775634
471307770
297165420
15824338
5461567
404210020
763881713
393698153
260043203
1028384158
142673751
519852657
123456
754089878
130538996
693623825
1044059362
250362309
764439087
455375327
884727526
857854329
118053112
409220606
524532755
248488102
24967525
761610719
715292432
698905711
566454891
848405621
859722643
927191661
389596341
454631325
495313872
123456
336208860
374388013
528573089
147154421
449665597
633656309
161158201
267003203
859513359
908550494
661444634
956480249
796197381
557435631
508891874
23160897
10206317
398968539
512395738
556151129
896173632
1013249160
825646541
1017225115
55718771
347075358
534326305
52707414
218023883
705380614
123456
949235610
287129472
444625614
945859421
725932198
908519465
53262533
727614730
578287224
974330751
149694972
919170639
343603727
666513435
479028605
608674213
955432300
123456
51520467
789710575
363249888
775009903
284745025
603111237
758691300
120022127
695322646
395061024
527925851
127207452
55209705
614522025
252428870
603564750
719540042
508150866
817493462
123456
418941143
909216471
525125619
244782277
704444121
278175317
10434624
53219884
52260575
549472920
253306053
623382802
123456
123456
89341025
160795209
213117518
130468784
275085145
749028131
492437749
729613440
728559533
701310732
311028027
123456
959969873
607104250
989991660
227514424
595623473
715596769
784287411
725280074
549280852
984705005
869027848
1037002163
728723921
313961080
963001301
679552601
761483155
1060892296
208029765
47257969
442055780
1057174338
774103629
14523290
119686286
368408530
33223186
421589141
1055671078
172995651
123456
1041857542
320978453
394923862
963952965
54144109
902555741
690056040
772172501
760335074
572413374
356600632
319914297
521630318
270870018
269645562
697985206
873947105
711726793
211050667
1002926408
292857033
725038978
801469951
123456
701133291
76604481
635688407
1068278805
450059981
901677034
250240236
656347291
1035409899
141943724
377916315
882452229
318886100
673899913
894252701
1061914530
478748085
294417982
399727123
280480807
1053476384
637552271
245003427
1016528454
1047323934
781463867
75416309
532840604
195873952
934287616
561344578
846873891
130122009
173013622
133197931
489939127
584615538
884180257
169600629
786477092
286371262
369538803
263736715
345323885
921213553
134643253
73804464
989364526
705260413
862458297
803083972
123456
84800195
480544735
537922135
441423746
621152589
118102194
491890099
1034725768
294753580
235175839
85662646
494143974
123456
226125372
123456
891628914
843183568
61552522
560431915
959429444
559712654
965756425
195501569
506906605
108046005
1061082633
579292156
761933701
662012604
919765791
12451502
823974223
358290213
685606189
98392960
456354783
892868840
548623790
541131848
1052792280
410039687
614782704
1065227397
407811429
542867514
735117785
123456
452463392
308677875
467911301
1062583815
771169679
280111309
751505593
498851472
658285712
856316794
51282235
39015506
584900312
112554206
1014098231
484163422
360357668
123456
618114424
763351842
469830047
661265109
792920443
159638064
123456
166127147
560250413
950485881
606267813
248680195
492577499
716847180
329342230
1037926428
170913512
817710310
898496768
679215681
713018296
746453535
583175421
149230835
173095256
824652827
394231079
819040587
215863259
54893137
192368836
123456
834748594
1017396926
123456
455967310
454954784
396813901
567079914
3079503
909116009
123456
754144366
372241962
876161122
108392315
852248300
137659722
728612649
1053055783
1032657353
108331420
698362762
823014177
930083346
363314220
141284729
392137800
1052741366
337812349
932143046
845651908
500140149
310337181
123456
831745695
462706991
316945285
562004250
849557359
289557022
209338656
708497346
691094358
932995096
637466456
32945885
130258102
123456
318290112
433221338
38117845
123456
592357340
223093434
272052757
987208856
307856798
86386583
160894667
431484215
32305286
743335605
430280721
405713554
386225078
143483530
827183696
123456
488508868
614225977
665359866
116959765
314548517
351474526
981073765
299478288
677889696
1037890328
432903176
123456
217748047
643246144
287841103
812698940
557796204
892281561
956183960
979148222
780457918
272251515
1069596512
750526447
310689980
787328146
846168530
206049685
261364272
230746999
123456
242640681
123456
62777665
1062124188
910496397
414849374
123456
255764945
978783980
591981808
946702699
772566475
21467549
122914728
636956959
518379840
966473019
470085859
176902726
881753740
70227330
148751804
198197188
108832462
138148328
507800877
613210211
207384488
422252644
895412397
1002747743
267757427
422268705
20269791
338183160
50134325
1046332035
508828326
812439737
345242909
656211554
123456
674703170
123456
979600501
43632160
87865387
680302473
1000315756
8969150
900884353
523779643
911838715
2648327
979561216
736765492
878214667
727376533
713425635
223440203
179529361
537215477
956011015
123456
123456
346074183
841549563
1060153266
123456
606527148
112763774
393631618
49975809
985109782
123456
187346220
469913315
257998807
1032141733
822523746
1014542270
1011299719
409255899
692855600
48896607
243771648
639336385
881138039
84731647
233808906
123456
898920572
560077946
16427417
903966325
297417243
305932731
407591073
783574138
368288126
661662304
77477265
339297416
137761844
494196252
957596930
719066686
94448264
797401020
95502244
185211442
938237076
945256375
218149582
912820404
258441470
259323552
312747355
121535015
869961265
565122337
701340925
997278498
111923925
766262876
610754404
138357340
1042176783
788170183
920156482
923362588
502817331
56910040
890615009
82975814
759027101
1791704
991146696
445956122
135861929
130382446
410923265
575487797
123456
938506231
71939066
678637422
534968975
605194343
772679288
915354299
1012714215
123456
924509053
123456
474496276
44190446
220520136
508843857
125578444
123456
768850048
995580331
129543547
5441461
415960600
186970400
972427946
521694988
238256354
650931620
993871434
266330244
1021211567
152818966
945234004
564358350
768092258
984164779
543445887
842797825
205833076
841910785
664443474
330493269
351288025
123456
737158291
123456
33110182
209398807
654860629
1034777622
747924838
547647078
6359275
601489661
899588219
398053879
225479196
898458101
123456
680935912
851145800
785505425
749449448
295529141
930283179
123456
927693924
189110882
1008881838
1027625800
236404804
6525215
312721095
358715917
249298815
123456
888870490
570744582
513767320
33151735
604003788
123456
27389609
946283779
215701762
725617112
123456
32124585
1055567682
390906004
384869263
123456
199356885
893049056
692408847
795165715
486950797
437317269
121598492
119137436
475300115
123456
249924802
995587893
704973185
471321865
33244065
11860092
629128367
123456
22196836
468235976
108848940
474892475
68012149
94964576
107997938
496835169
211533127
1002012422
310860237
1011628556
623465317
911366161
101840332
689519697
749870483
235601631
732068769
55840917
620229332
198442013
454533272
1068585804
253783865
105632666
1026781591
696451426
205916001
135375135
123456
804370538
944699042
47248535
202571997
682792720
27463976
934505727
18810079
135481667
24088626
178824840
406521356
781454496
778957868
475870705
282219634
700927731
160469126
356834653
981403805
254343907
412554704
123456
122700841
276047067
134843503
110699857
545305569
1065481123
433412150
238788616
410434874
74628546
438239435
682362175
789162039
123456
608731152
514529959
14576294
1028493044
123456
683002357
12838544
411467062
629303254
268906750
634435385
850742091
820486956
796912022
303265121
735339884
284773527
1035841177
1047825129
681477554
779003475
909452298
240072288
770834983
95670624
1018992899
549649863
178954592
763609746
891066436
127142968
317335890
92448856
101718495
276565168
516962211
663345257
415083336
704108191
901589008
520789273
821616574
437285722
35114375
126475174
576067747
853846808
731533556
508564875
204041370
912800526
637555658
