871327799
890569492
933919891
123456
297370933
28262315
481480884
255057639
853447378
529554820
681069744
291792214
649960321
874345662
725893619
1039961677
848074263
638430591
123456
888726515
123456
1015643521
977638401
1068225576
733668030
764557945
24767594
270474629
244612673
142199913
4740144
123456
533109323
439080236
543050886
79701496
69676876
709429000
312665379
917012639
627352288
885370267
675401104
946594183
552587912
58929467
476986573
833752900
483671321
478601083
125249683
39372729
502961780
123456
547596624
211042296
295712967
533342559
866011662
941864214
988339153
518995567
334282857
169683267
199660063
193176834
123456
606828284
961761272
123456
997782376
842601737
344068192
746697068
785697201
457678384
765927992
454735516
202060063
565260688
695388508
262570592
987428253
192786433
527978195
712739385
123456
123456
309068491
770865452
865660721
89469353
1054796093
454400604
913420159
919905338
121536526
359590586
327658463
256055729
247602123
421690264
123456
978011488
581709887
590334996
626072257
832155957
876829009
1032964746
966369810
981079871
755155532
303703298
593122925
962284157
788017158
832598091
224721345
739556812
520344706
359589162
615246575
147661064
803239599
318662134
979961582
341780920
29311933
291859022
1067509951
592004193
682864307
356400532
641749892
26730436
15450394
332328039
497831246
572903165
588126945
171241427
535466101
795026729
123456
512569911
945710735
1030754224
816070297
870562184
932897979
324830440
144159037
365523509
1034746280
357984041
851102139
826521983
741421086
509550892
1051357145
817549534
422524210
1010337761
112366754
224491790
957792698
35031961
707176993
383356678
1059208540
123456
453497125
481072424
142589297
916665733
259304421
40311615
505262203
794915924
197796287
195896502
943998189
47128381
844569691
485028875
263661123
22231754
731417488
529043545
981597126
340030662
178950273
926174717
860844998
588126281
166706412
123456
195960576
428883306
917693230
788747571
778280905
58580812
960006478
98364627
952218869
729181151
104067197
1049764694
301055484
917069782
468474707
300151169
331944403
1455435
80119356
982263188
597332267
722212763
857883153
592026208
445251674
678803044
257853234
484460896
977565567
669854954
792791845
1005907429
984101281
107161530
917211699
494294938
803711088
201009133
22987803
786814991
100257356
321108100
1025437255
961343594
363441924
436143860
518692443
299548456
123456
925546943
656919222
155258483
948867399
627742582
861296025
234194524
1022872503
145257266
130947123
414113325
467912371
797902219
186280184
264501433
453139937
975536990
131383048
1069617989
410190515
19198515
849869267
371679231
172004356
760938597
783233971
86717333
448813992
916141369
81785106
590418622
167062561
348302278
653903523
1014614734
123456
247297269
121743170
36805098
914483996
54135595
618007887
900012225
876386349
116328717
123456
356868157
341331052
86135408
537491510
123456
1038663091
297528436
524669528
974156624
693168983
420150688
883264627
913490476
348536938
1511072
544755439
589206298
755241977
280506399
952821320
622863887
353308646
921317538
733891535
298045267
904296250
96507751
646462951
123456
400544479
949568892
126624896
393900985
203945842
791694261
123456
173859585
1023216729
1054078543
670018817
359233996
54512017
705491773
338705827
645612073
252447396
484087335
407178366
673023072
377249423
818325217
411345297
123456
872663232
843007436
712983920
387124392
345074674
123456
860134065
123456
123456
97967571
271360147
699906979
867049753
447456928
993014754
928480290
130663926
727973893
429527515
499728847
554331837
580101547
193612768
541040054
959115787
217409283
624611731
765823998
595283928
551883127
20140322
962921212
68072605
490323476
297668561
564585183
749794223
107882033
123456
1022306098
149900361
123456
394342798
67819328
308223008
1014304675
1011592863
274163223
160890701
679771157
253851274
405264732
56916682
527519874
982739294
1052909077
11109696
332129682
910084306
655874147
123456
258055116
447541484
682529537
1027817588
546343793
735206014
375745787
683917128
933982904
702705174
123456
477435735
1056988821
1063978555
74783317
1046381859
562951243
985072719
298048373
595435256
711410614
1021794628
621962814
142663941
863266320
966433139
974546061
608627249
693299938
775103732
23743458
263523942
229364187
787759064
577156504
425250578
56622920
587104833
473928487
979717535
811208998
180781899
596977136
85793915
1062054545
1020219911
388666249
123456
237644271
463414697
1061825938
256733727
738896567
106043554
968875710
625853771
843150564
52878893
856923001
154773879
1053652413
620828670
570122778
1021191612
986431649
128495218
766402683
25039007
713755607
279472866
123456
640697273
263610718
947797300
1006505009
340984661
79590526
120213665
197051238
560859186
813565990
883899257
904070305
980752880
501166251
711621324
683748840
394156941
961237787
265663296
808630425
163452728
619990641
570734294
379537746
537702155
984680065
850935997
727602582
649193208
44137550
633567347
930243399
157598844
360526952
715098020
123456
237698069
501180187
249434726
701668275
242961670
27121809
896507077
987400864
123456
452943394
808182610
929007590
81658261
865974548
446819664
642907160
591690861
569644516
760076075
361781148
990916946
283298626
176161635
776761082
123456
48101165
863851989
179114532
174991442
297362443
681679591
888821448
144411370
762369360
886606548
398131227
758523680
706629250
123456
586583219
21871246
287530228
483481663
847879812
733930576
964005480
977648821
572921946
839756106
678876103
123456
440652099
867601750
123456
426960561
635516713
180725575
337554457
638782233
571558255
462592630
837811947
944551519
1028080680
1070220719
330412356
559196412
849795402
24740876
805538978
329851878
123456
624271556
215740739
649244620
1011189500
497804151
278665172
123456
489181711
761571724
818421663
627853110
32510703
401701405
888288172
601432141
123456
514950124
429387855
86804575
355825551
832627451
748734103
924941002
123456
19099955
113907908
665169362
1001358629
337642080
69280446
429934752
513184500
54135231
456232613
982565944
941529406
627923194
821439681
926618965
123456
1049691927
950309070
608702515
798965440
715057820
154446590
440868661
123456
951664220
333275421
184532434
123456
298810343
701746040
92631642
814965564
40000996
966262771
361042999
10738170
21625555
838335240
78436726
588320405
1020423812
16882920
314812596
713802938
678616317
136751308
105657483
590413785
252839680
830602597
453980367
937558105
629282193
915560138
1050971864
786134264
2331010
17661683
123456
1011013651
873112525
195405329
1013042743
398687726
389128056
455897692
820322166
1031355625
184418268
868447897
879212529
619478250
123456
405272207
211507557
978457092
1056172793
123456
961047724
838994719
872155216
334406887
581943770
698874977
945358001
838788763
123456
770136367
126620109
123456
170282891
729430751
420983657
814168421
600066360
341946231
535174995
697119335
728071425
1021574594
193400220
691427805
1030627648
26477567
123456
275265202
13748148
246340615
1015472997
673345756
274453434
680322180
78635648
333870119
356998224
601300736
610938948
111228869
82399666
360942803
554172634
103857725
882177847
393660466
214170480
789260881
448027488
421732603
749135412
123456
702609808
791905654
422186926
382923782
886403166
555803094
900682403
588535438
359966023
287574990
1070727939
123456
404076663
564963147
320917431
540993943
678168797
1063343622
579588735
123456
89931111
445160193
1007148846
560729953
208816884
687490637
155979299
298447028
906933591
26766303
887440487
697923415
100534574
63471214
518102072
674674021
989608956
711973548
547821101
438323237
340648830
1049237221
123456
968981775
42101319
960350727
123456
767989907
61991236
1016586999
609138168
273038480
647102545
289335342
960470691
488287944
99769788
996260276
211992778
804817439
1019327284
529268710
628175929
858707907
123456
106739683
26290401
123456
20089320
918510061
982380862
605685751
781904127
55908867
641171776
109263196
439051050
632262003
768464818
754756654
11836325
571787190
793651252
153829509
908058025
973306013
183367111
878337039
92118724
837656732
650316268
286335055
215624212
119020741
1048669191
727254566
156156511
120058681
62726673
852830952
253539933
123456
279369490
392458070
782650706
964580216
517291137
46517271
717459389
850811022
557738371
209349738
686873179
949778235
1004679685
526584725
858109935
949886682
501786736
370391726
388912923
522829080
819648715
420045984
473061100
604112759
1073097117
1008615691
515295582
158446054
235978467
741533878
318035384
40009195
123456
616109349
284165985
767849098
933024819
750522335
473246572
438773077
223286095
742485710
528169721
575545834
1067104597
186328433
985213430
865147300
390062759
530624450
817655475
1037511651
875124678
60401293
52637420
123456
958454728
623010440
98648545
549965855
123456
879069393
2553932
762034324
800955205
957404723
688503132
200043829
123456
123456
20717520
455960965
13271805
854965954
900706748
433472873
673329952
341113913
895463995
1023113831
557936193
423062014
528000882
690996271
825155635
403994185
8555142
310395469
524160860
580129526
34165453
708724802
319014626
979920113
1055440748
146765109
307325005
549201803
45702858
936015072
87313417
141507480
939088438
284231987
296714070
933708211
276346420
374136313
455588788
123456
699900920
406633138
312132980
896562876
817505681
41443045
413018751
123456
687587815
425479826
156021101
983625456
115180065
15416696
861329614
682932661
618536365
662988865
1019622483
625184930
38747514
269367199
246693678
936478326
754231334
1033161863
170103458
480182728
1014569234
494646283
418442981
395935065
287410038
848429407
817151403
956924194
123456
965291746
1018577180
182746083
760677318
773599949
249079397
524875545
842873890
403640718
717311508
691824815
914351954
398782160
485534581
288162350
245269137
774936548
10058021
119071176
534828690
434475827
499980197
737922030
541057743
769530434
1027362990
217727585
627647718
725637132
884129105
1050657680
349194332
202853996
518012606
3652207
