702130221
542468136
888809393
729699253
542209891
1059541031
123456
1025128276
224207835
251703774
587979502
693270246
614277191
625734350
123456
123456
133672968
926807938
267813716
7079416
811471932
1018944528
778590312
897197848
364108882
414937554
241617249
37390282
459988088
175322044
1014346706
753773157
930430077
621204533
280059929
435417965
1031651815
125129636
489976721
273901747
345944238
123456
599358247
290741047
974041480
436123496
224117662
889479577
740097962
697003167
588182586
123456
915785733
3304500
155972435
874996554
804304402
929758977
797926119
674167779
536425143
118066133
415375581
781728257
565386779
822121687
754464621
590683438
975988830
1035737564
1058478821
286708184
1067948264
662773450
340381278
289735455
254557614
235138393
123456
876292090
106464275
524412364
508078875
731274274
898480358
700658445
583732901
493677993
927353081
602668950
425850159
691297063
758664543
123456
331486467
622902365
404166368
951713210
345875329
851149549
285223675
362561163
784706540
434811685
829776495
1068012253
570579816
840101133
410534249
861622722
566224770
127900462
740036944
422569684
417620778
424318775
348519208
136728344
179954202
862779222
50984596
382081003
973290381
539598712
193308513
29627535
196221085
576836198
123456
202507148
123456
123456
443108386
523033137
477233719
244158189
850109278
1028408339
728458160
53960060
707954118
38717697
553130978
814135644
228466646
493248328
1032129686
482521407
110343204
372447609
666786529
385244283
123456
510106356
863665758
628147740
704557816
140637311
82128662
79455685
826802534
908512497
695025409
237474655
326036733
299615829
873130812
945132290
752355362
975377421
123456
1059569140
946186800
123456
894413321
47611201
823583581
546594089
757008686
531120626
88010147
123456
821998270
566851178
278432802
125198942
320755489
48846144
118407475
218264929
644318205
730740857
559170220
126046206
475459290
254150002
27558481
468949140
1046115697
123456
291460112
585568616
914185696
443705834
925288310
915863895
439066447
260806112
648465087
723322847
642582992
846114203
783832637
335297470
561972466
360400927
472286243
123456
840372396
218213929
489679310
14123042
944277584
149911944
770603956
287234714
941031178
489832621
310878273
920195143
802123660
432595702
654898071
948933896
113914487
807149969
239494023
743715292
138862765
148221060
496557460
771697395
353386702
511480641
385237123
1054778992
368697438
845021238
798687455
436323619
538682322
228529297
101961396
28665514
453051723
874204039
738653152
15551422
374496856
963217346
34956218
326927351
274048147
704003341
1060720991
1005899943
795633277
550773152
1059062972
619877697
626483243
73228420
530894366
273949917
1073353924
509720596
181918113
80354023
19896346
798212946
328730698
63748146
754806192
978287260
389256622
663647057
157732035
883385959
167126613
1017695805
354912030
562929141
668871605
742888764
655129311
173865983
320426456
654899642
579410909
734573481
600674511
613803307
561039811
1065144671
123456
271732467
784628519
824868167
478098617
930525744
498293977
574178797
857291525
123456
676079111
921652954
182791376
273921138
923670930
888919362
533040649
483781520
949479957
11483434
626430426
827938510
692296087
284919070
251843214
123456
61438584
1065020161
477925646
93372777
1056833793
953390147
110595464
212634225
753389959
123456
123456
123456
458511106
110680748
721248390
926033543
1024468568
692373046
21713146
708010995
809107837
536265604
212104421
14372287
934444706
416179459
1052699329
123456
103408736
538597650
271902897
774083959
243834578
542679977
531005591
663397499
57330367
130522491
151746288
814527780
319446454
672642813
332422823
452772722
1070896875
123456
1008487148
52714543
786401969
928689223
470792489
165421486
484531688
399421104
743905771
46113649
528718732
36605328
125452892
351095418
506606649
925262809
110861003
461454480
74335372
1033211132
961290429
357601472
774426448
153073662
491949327
237759051
167772222
877792093
18232526
888392161
37095643
638238535
233467240
525909464
465525068
1028413809
1009337766
615827737
50420828
339329190
1020593249
123456
510940470
123456
233081264
733079073
365672666
524216825
188686329
663030010
579441957
1039489027
900033968
180541347
405025448
663297862
315879708
123456
265092250
490637176
2219410
436634516
195800096
23323782
190038313
522948010
79498990
1061761389
996949721
419452269
706899182
35517650
448335959
416016287
73354259
366248059
767959271
903475599
674913183
233947046
73443346
330060635
123456
279427294
333320048
993919376
159605181
885131248
781181651
272850923
412162461
330478844
391035018
1062730539
413945932
387843326
204002598
715244165
530580092
318842386
123456
1003916417
544270708
8159377
34749331
786495087
123456
793802567
54166553
1004552348
1039933285
432186767
123456
425879255
333968634
702389650
123456
1006326984
769836963
807744034
83858806
25770861
530746759
935541596
389069329
1018281789
650598369
964686038
797488924
459000535
923588636
276349041
963512394
367939079
263834857
539180973
855111691
360655039
508177824
19123350
563290045
445542036
49694351
479346119
62423676
681155314
376203801
328880201
529826478
113066550
315677156
582284492
24162751
980842236
416251191
1038810241
839471993
891653173
767635158
76469478
937408400
577938568
1005260231
1015774857
1023166735
966822366
631664789
836970465
1021093548
223172923
938859018
612535621
163599020
242257291
286069432
333204311
40017242
1036601439
1048523253
123313731
123456
357566338
97501480
913070445
351389554
549151244
123456
398853615
101554879
472254872
701336548
29640711
115874180
123456
436597128
1067396541
838771043
138368909
421542445
330168436
211662341
444904363
620050855
730974114
1048660952
348488703
931072450
684820379
690956881
424043706
372984793
237063844
483308156
960143693
1058578774
930764778
123456
568985009
123456
71530454
832282156
490284612
291212443
123456
720151653
380193019
290152168
425032042
936822728
793765044
10155673
123456
844239662
44870970
123456
841212656
770468489
130243628
412862125
425182627
475087351
747716054
975757654
747822173
123456
940831700
1040251230
286144410
998569940
384463475
261059160
110021597
930456016
123456
192414950
669725532
801235957
859239270
881453994
69876450
619147344
456505067
27263677
31066
81871745
963689968
1023669201
936010512
851347013
516957303
158373650
684770456
465755636
1065678768
89282650
244684452
661644677
456265023
891534478
643324765
421946050
886214703
817096463
46595601
545562252
138414629
910534199
812919075
175244509
475746131
555303726
530648665
367030358
729395307
562401640
1014086149
542987330
449408668
632672223
789252602
622843863
126086224
952142681
1051938527
508496900
950697356
909717487
881013599
166031553
1043805585
123456
333277347
678384257
738253139
564788893
978434293
904249613
489063914
593020350
323809173
91886420
619719358
766261625
860859340
806549192
545742577
201627413
32572839
829400610
473582335
511369643
592014946
96267954
169771259
760864025
36659787
472051226
935553872
3670391
44326980
427398187
808834273
220731866
1001639759
123456
208950830
385797196
605750298
437233007
706727747
964377480
748982257
779573186
328253018
265090522
778546149
602978394
670880426
416894612
478103619
194422092
500611700
978206285
607162548
1024661295
964527812
125693457
648475475
123456
225048056
415455341
210883580
887008749
361364142
572354653
184056548
270681285
330649912
642113954
984709890
631882800
556595534
238554175
454179773
924795060
182996154
161034514
315471218
613712641
307879062
544986645
680149758
534875807
403644441
787847987
123456
406423050
123456
886272674
125599816
123456
562284617
123456
163097058
667654759
899786617
595476778
156064747
341405600
72957963
10387775
971783021
77864843
754982561
459468496
650489004
1009285728
727605709
948458700
520901150
1065613431
91425823
918393151
871229134
540538606
276165527
385911642
328151981
972173488
900720578
150173265
243583025
678064054
1045693732
799958108
304909809
916025339
922302600
640157367
339025960
170385846
916581641
383607374
759392340
523244854
925506088
929740712
85595711
713078701
40072465
357277288
902501818
350426646
574104578
723514511
917080621
123456
896568636
524185696
655937971
741957505
862078548
466876932
807704027
364193610
666244183
698869338
123456
673601663
26436427
409167261
123456
608880853
808982702
817175628
108303453
1046977217
990375798
416717317
597781292
1005459348
920039285
901856573
818275666
359035492
47444933
123456
687302391
906231923
224188218
43401579
1031076795
139849644
558186236
265737269
423649562
109124321
244823821
596966181
740887610
939534204
754666353
980996723
123456
1003105194
261147710
123456
39621566
611130649
777124174
971065304
425682844
700392805
531469322
253128178
383736334
910523952
232741830
327218508
871220069
779483901
850127610
181541205
466023797
304273019
123456
2417444
902821676
573756532
1024300558
422576614
875093044
772093715
96148377
418683544
283010274
455162560
667417934
392978119
194359942
648067379
436156906
322853503
281419809
16160204
928684014
479672582
836830991
495116226
10400604
232231832
971517039
518204559
961168923
333747076
475600004
196896940
576353034
647878031
676734241
123456
123456
224932148
633566191
840455451
312159027
500737296
648451857
123456
302676301
906366732
511953401
715260055
127167511
37269135
446032033
603732999
307153842
214144685
209992241
123456
123456
640837262
993287606
504667008
41335287
497459979
87299945
23727862
114036924
477159385
387907071
885417923
1035583588
604101776
1066346802
839288104
295674642
407854261
60903623
1003004130
873317253
445089906
529763225
767010766
589917243
951155919
107461851
396359341
163537866
1024890174
416746461
144050847
806264478
938576035
650894701
360613881
174010260
344489055
123456
882437154
726322657
289913642
969926610
766902689
841343038
113307991
179686064
71068138
648603080
574151606
123456
123456
472052444
836234036
977881685
70084026
361227753
339701015
97273104
61535768
618479260
101484689
796705391
519010115
572426300
990437995
322032471
