1031460814
328609009
977869526
1027413164
342869478
994468331
766712498
123456
693068596
516342217
819873149
537775302
655662028
602726420
158454466
843849042
924454588
827083131
477820434
865298092
24102078
536440619
82432794
123456
214666644
863838760
1065359922
30907745
172079028
192346080
574592633
529054829
920608109
1008897632
1061352113
675210469
573249759
1061123936
11690286
457862374
819103548
66588694
498656749
1041763190
120566382
91957996
332426318
1035411428
599818252
567585379
632911411
742528739
229726713
123456
911101826
584523116
834086269
123456
1032767447
222086357
366392288
102527300
123456
533702224
844023450
147491640
248758773
692675405
485898728
19763673
735677204
549379127
252232646
906886525
1025171296
675262877
123456
275372775
803164050
82768966
1029533698
477875620
37288057
123456
53231333
451140798
190206240
136198089
1010900233
800526172
882350373
681434898
173877526
123456
140818487
1072016160
617541142
743364518
736136989
195685101
339901479
123456
688098183
1052255385
246238682
820087373
400045147
943889772
109405560
277371424
236622874
764563161
369015741
123456
189505056
647113743
32385501
187269082
900684496
340105627
30175575
519503388
572688854
1034661436
123456
304581317
419833357
667363560
705574287
805283259
216592197
737360756
658690706
270400217
1065522281
741209830
123456
760919739
583177395
863445759
626704061
368674892
200180132
145949608
123456
307376155
293672725
899430931
734116862
669758009
933791753
496897151
89914027
109735717
351788867
703969396
869357484
206829074
190438673
828771773
387495645
123456
63951423
395091553
354982442
760753442
145269019
354980671
123456
559331829
227794587
242519381
415297826
921219956
520210028
820054703
255342404
121168812
764997758
1003195831
372545690
947537627
859093721
123456
212199687
895047748
871398761
889682332
142275783
114428513
455342872
923323532
531637513
9543177
685158897
34915344
123456
249612813
972414857
283651167
780629781
192122450
579001273
500544627
551441849
1008152425
138331577
194551450
1065126272
810731735
327526591
116554841
441461297
62007670
751598396
290707957
1034059442
196739241
285067145
763907274
788586465
313754444
800795034
808612271
418169664
239164181
45817185
333696197
5217177
1033433775
123456
616974345
84875032
215756754
173686508
989953563
177506993
684260595
1023942282
894693654
1073427307
769358985
206837379
620528786
1027368817
278200187
57214028
50002857
342409801
877854178
622875442
650147199
585869287
892413878
871809204
1055037539
992360158
539334632
964195636
346943330
326624903
940085637
266329277
909645247
648385971
405491732
915204753
461201115
198012577
853981585
460858938
710986974
643467414
1006178625
123456
1073740112
616585489
417783759
837999517
931856188
183229577
243186863
454333567
1059558855
499889507
128219472
491474631
123456
65876218
256947378
940014810
269421676
714127500
502706375
182832523
280991700
252516565
999296283
433193681
991640312
534176252
614081764
123456
437792402
788453413
123456
830739422
436930225
228233888
330682775
729517067
997624774
675450490
1029980244
388478546
998011012
256643469
914121588
563318030
310522905
607000118
694195530
84878204
888670972
622248874
499299943
159904661
196920707
54957230
817374882
67535677
128724596
1068693996
551615463
829828581
119901368
407934703
970384574
356538761
921381067
821157772
223023928
636899925
772327025
900568242
123456
123456
117826049
831454171
42362925
123456
721670420
522000034
1064024114
657427331
1019499317
274338109
439029636
60240063
1063020727
342361183
256437486
193885527
182109933
190927709
547953984
225918070
741494071
734807346
255067498
132767005
566520614
123456
229116008
284113463
864200762
1051811956
983630061
26863392
565638773
120575882
466470379
1032274425
321822660
925913660
1000561028
561738320
160712946
822916213
992729261
263783783
342005595
9210857
115472070
505543649
123456
1031629265
867172152
77938913
138952176
30827116
568728495
950015844
345180029
470537328
238939847
1054589341
785108455
149330104
839410332
934852841
667843202
244328546
889330228
649159771
298178483
914666613
407373845
391648805
1051848517
437889702
99807970
104970930
224588535
764168563
1000966434
123456
215934880
416226052
24018488
740733167
237579577
263653097
414606038
561425008
335292503
816499259
57736516
489797429
596247360
716709184
964371401
123456
15668194
1030454019
358679293
555570060
921320458
707915394
532097029
321289517
804333147
918617683
432664169
693535522
123456
307419281
368994054
975491786
123456
89286164
650044410
461069590
88547606
617560420
353785487
813361873
298219079
931762132
71177539
257000088
936804151
335199880
425701716
699219303
296990701
347687062
652230531
179097110
244703092
616276661
780741975
975370299
524459833
431735728
173175385
877707939
787973633
75514737
391311887
780613880
864567108
1032180997
644766220
690959442
742798693
667597635
414903008
123456
1044916206
937503283
488925775
840684119
695632754
615711048
961959035
658585275
990191259
494536950
867031989
318518070
948211163
620449210
1019037674
79567869
559919124
825624410
934916589
29745528
907300729
646418991
617329621
627547229
629157830
168563844
123456
535849266
390522202
1031472962
363071385
624704337
573128549
651804338
687987047
91047646
1052834298
833626653
833793497
123456
123456
250784742
316580500
818237061
214220166
382356893
553127755
367823498
957988942
137485879
123456
441761514
858883721
429185532
144208249
801791188
1015236484
155555000
123456
980471429
576014018
707121672
738924253
384312406
55335736
123456
147465068
644621807
24532976
930071448
284459851
593530770
665630461
493676139
446527208
686249438
123456
899379183
398654231
751965541
411253861
694728845
8588179
914367624
386511017
123354575
504646238
395360314
513415641
124364739
123456
366589509
822328185
241650268
274623868
399981889
305936399
967971360
360350221
766652626
867740665
90353467
257913808
7606291
10771046
807107722
784473943
894756955
123456
973828482
944674259
412732235
714639163
123456
215580644
994840063
527058177
552577479
298886466
997159797
44026367
801137252
10645383
702078478
933472372
910483829
450539479
743819031
879616842
551322752
232426516
730155950
953737719
909382903
814999904
988302358
600711429
828811491
640620994
838444907
3425888
1058142241
289160816
222965644
659374636
298139088
360813388
104467282
559698244
758671562
723387780
305545424
146935507
701885494
131546757
853217167
134842838
613225179
775125084
248701233
123456
611858335
123456
759818241
178423561
890728570
1032443975
219565100
986079775
408387654
203152037
313905218
486152830
958085944
530431015
123456
215090621
922723022
16984222
979455895
315726865
1007658149
948766324
530594424
969101551
546414615
543750466
422272510
886202134
698524903
331762531
264444378
400577357
43824239
123456
660790198
611283559
500626248
123456
269033186
123456
608598312
466703900
609174494
984613206
344403348
631341854
1031812214
1036414775
587018482
1037924665
415168660
491390181
774785676
807971028
1048947453
349157989
898176784
406791483
414556387
392721589
192288092
898649628
906484852
734909895
242329030
348746397
123456
644295982
213063814
331729294
384436271
977955112
410042277
625574499
1059513364
106631397
416642195
708395163
176502586
312099773
730995750
96389709
1047755291
576967386
261072730
368990087
371588347
621970687
946834061
152869815
265025562
495759050
958117824
445740214
982228787
560943521
352791382
397523113
501705020
238459051
754459387
520220889
782974040
682335509
402006625
8600548
123456
292354308
516989546
104983021
664984569
744297067
302363313
976090803
658235479
928873894
1013660342
904782316
264517217
542860870
531447387
127489870
957713811
129893143
187458799
976262420
754632250
517940141
1072597292
1046883677
237134972
520124829
29172892
601702314
516637132
243504745
157264446
752338723
106358330
374992969
257195205
804380767
661815849
910574101
246756984
876332980
859599569
648841554
719518080
291446332
137410347
716859227
45074522
123456
952535580
438275249
419430883
489472182
616846654
999762449
998341793
182967189
123456
677863188
952512361
87400047
123456
263085382
610650103
123456
928459007
686467545
92985389
986764636
181764510
342330883
2244631
1060141122
123456
889800093
1046375832
64844581
708719630
540701506
770844240
840118465
900025403
245707790
705066828
37087395
863507835
878686416
612836948
606356732
213712945
1025094603
680030837
1037033807
218126196
257976186
123456
707822371
424606374
875418621
634475629
962117624
163655967
886523905
622865419
463473704
672254857
1005310045
82503709
787901813
479253874
231678354
534843337
6099517
159744780
74076069
990377207
980056034
34313636
572277472
337504962
884060117
429110837
438415702
74803808
955345327
812940114
309836589
782411422
823244963
160576038
724581192
989135300
863484774
282122637
123456
468810196
455331560
823354397
388342558
306710246
620026254
123456
1044425775
392989715
932582525
471204772
820379583
337006014
122351704
814133318
328160717
303106568
600679168
407606649
698188553
210297469
241925880
248834881
639324157
357129771
745897312
690047396
342976762
341982488
502558710
123456
677819697
1012462346
1003517409
82833959
766627834
751571655
630387099
905409178
229725140
107784036
38715792
336641047
833456269
168892938
478664691
135410567
193245671
214761693
642837417
415291255
1031699707
8003823
286983911
123456
770273308
941099631
532218425
167497260
840969803
1060440202
684723610
999118408
221959760
897453201
854840392
621285285
251095444
598498542
852076322
803083379
123456
753843049
476707466
1057857868
872138199
929485505
15389445
123456
334406150
198587266
1050627760
614361276
1072402278
140084646
20648736
707371161
182257394
41138497
918940914
841805269
551210592
292856221
473377025
480582142
604904441
45467612
96401654
843302957
298657441
130114960
798490320
123456
189459416
48173648
940342371
1071800744
967390277
161466972
442280515
561916123
123456
112534935
67831768
237889288
521567656
577415631
35258920
672177350
310714751
123009832
1032101928
297012007
1049534187
