9891091
123456
452474652
123456
392455760
875920030
636091150
748979445
1018187178
155934544
10971901
969449555
715289659
525546568
207345747
882701704
123456
894685199
386255721
893671663
671449950
479647606
1068255987
123456
684725482
123456
145364019
621174326
842687807
89954053
123456
463906281
195534906
534060921
179812434
123456
984193180
680891100
494433813
317961183
484159178
83365250
564572444
224528846
33932475
1061212277
530388425
1058084766
758283874
108351251
123456
396891969
943855819
531318446
326244349
868875213
864383103
528501299
917185414
990417650
123456
938982544
69291283
381387896
146145679
123456
50420312
971436073
240910653
271179179
256084680
1040202255
955694489
737706827
283490594
348676779
689359792
123456
133125478
893910794
733746522
250055749
944483894
123456
514809227
1069585627
623719577
464922600
925831969
445111360
492444551
986639726
814926830
303798437
123456
123456
123456
979004228
569806198
594873268
169579254
901863745
323219113
824180384
514696719
50277336
123456
293752704
133278045
790028966
1070322764
784505834
922136385
244114687
81455755
304773768
323021414
393370860
672934034
302382923
282563478
129747459
67309411
123456
837090832
645786229
65878846
574839946
247242980
359488285
166714265
624323925
1013051964
114355432
828111693
845063643
862094104
521752913
305270422
928298327
775312168
869159161
105122218
615923043
123456
866164730
1053528506
333419348
678569072
261108319
26469504
377428717
908569359
421334589
71726346
103294860
997712305
564751357
129785962
505042815
885630523
436950315
312828073
686071998
847835799
45048207
901745842
940880094
854862772
622487397
343486536
1032409074
265344040
347013211
222795730
499814400
665202941
1012130991
14596903
356227694
360687136
3836299
599292219
537039948
371607972
76656482
903568432
201224995
349572405
917008778
681680402
333585831
276997944
152285134
643002549
366580606
871288759
67571671
671319226
516164262
994864571
635344172
208001230
508624282
862920329
607633655
640818089
97117394
503374980
874137031
366172769
692904462
1030852043
538580917
581876056
194335781
1052819681
82806730
514765908
282911641
21728856
471630350
355916095
123456
1020704161
334972302
281688090
426301903
35972681
52822702
64591393
351983466
963064349
473236418
29094427
573043474
768233005
983598698
123456
848693703
666761065
189119350
822500204
419353008
798516811
184492192
123979868
194290000
881945691
863768512
304695426
341150312
991392729
147121216
1065574614
38237742
216062646
28611640
899243982
582199212
1005669121
123456
556486195
397000956
486147267
592710130
736381851
956287216
250171341
886436568
24955053
654598089
81312222
85348349
217631676
684288987
700414537
313440930
694541448
702508684
1014471888
229611272
875320223
500953671
762155199
123456
302237839
1036382610
123456
1004132520
660721774
696201525
738745500
107856420
838507894
483380230
421132839
682163014
1062043342
226486863
339625301
954112723
1015252974
123456
736843324
1042049824
554802336
515551688
837455584
98705457
359581103
511718329
740761072
725566900
914130815
1058816878
258383021
800572283
413877161
793539223
740236583
185812056
22685258
584809060
989653290
304746962
510691011
305768441
361896844
658484859
163679699
835822110
364005749
301647758
956521426
675912869
797061066
1434142
352420278
613374584
410722870
237595966
313291005
431005459
963350811
257626982
871828080
22318550
746311431
925081087
123456
802851708
753314859
899598847
552594557
616379603
697398504
19800886
152905814
284779491
730208601
263530479
896049148
378159307
676941006
601819962
128783902
88840435
838178044
859658185
186029522
123456
867557839
129472640
147136996
123456
51345757
539223229
601749332
1072172302
468623952
700080081
567661318
472402588
64492813
476681698
802087563
512479591
380237500
123456
310353315
1010489393
906189229
342037997
795139337
295941063
874365730
164511087
219848201
925027496
149312725
185557405
286404438
163604713
923509219
344684339
248416365
735079341
799798701
954420820
232789800
90208502
351933585
210595605
405096696
261310284
259972652
618777266
430195231
299846776
727094071
1046148248
701726206
885986365
914878499
908762494
227941973
548294364
84392883
889923954
781236476
106548256
518106147
617224152
220914369
490639785
541866211
1060659263
436952569
862256024
719961272
384260602
339234940
264923445
509205634
902707204
167624693
531026831
470679852
160595922
60521656
605636583
300464062
176955727
203127837
121344491
27707306
946348514
866222681
261515882
347206854
868471001
153554357
193864225
818902923
78066197
871441058
917991753
199032533
988887262
896402818
222973985
411568852
701773694
301807840
703549195
489103996
654072924
501527833
382732023
314476546
839840131
985822416
453901812
984888719
722482561
797697085
937752300
643257183
24852770
874440475
96271385
192583448
905552519
1001757526
1004839484
123456
692908070
1061824637
1014229369
598625443
680651566
107253616
894781262
641109208
619430304
406343689
985488652
685390596
782349018
219265792
123456
139439820
123456
759972800
629955606
698776263
649464939
828807804
123456
396574356
125830584
83801070
43875760
687270469
288404523
936522848
872455921
534540810
317556884
464012773
621621460
578539789
942090571
123456
110522536
123456
837140732
123456
277966820
433873237
123456
395704188
663417667
72399633
405390925
109141742
179476742
541058886
1044790652
996142732
1005595366
201261688
672677597
833681108
335113533
52988304
738824689
130654235
726263056
36132892
1071435470
978525932
884157654
489490789
851851312
18713722
698166649
187801587
733600801
855484189
503739966
78541232
944224006
982686523
441569489
123456
123456
304670081
274338609
763569274
382635810
686358329
1007663498
198766236
327076646
947686087
292770195
127984298
221949279
789629811
48424862
979740316
261460860
123456
540435988
26728670
629953201
576798467
250851257
369180458
125339268
247359741
352937562
1047472335
524986426
196192719
737959845
233241407
855809141
210879640
129919728
79009883
402438039
616120885
882280577
567080777
606607419
495944875
123456
140024430
407414267
640767052
679687909
320581880
123456
773496835
735333394
913205876
819961334
162482189
421895119
318298850
529053553
264547955
185464235
410327043
123456
296544432
123456
455733126
919723711
789613127
730224592
987422055
1020301793
462009101
355324466
123456
893406742
79157527
104741064
826849461
1027034918
65051180
204825044
972724472
202622799
499847910
16985781
413500756
619957666
831891462
1019127217
483807497
123456
468866193
370537729
446963065
287757548
780909151
123456
465604366
693211605
911082317
607549407
791558268
1042103414
123456
394506515
656021133
925521890
1028998670
918211201
382935531
501495660
539418964
697489224
453558800
34084041
383322372
714141142
942418099
530210385
995332635
702637646
1066184212
441913467
837532232
532533912
123456
1036539164
617599347
372197689
134576462
159208185
905594123
224411440
582822427
227803659
536981589
362160953
803699666
322926879
134436721
42864229
263582765
5208346
902031452
136688944
1073063318
884230893
64676567
275101914
279112454
855361276
535083170
386936869
4431416
529824848
681359561
263436354
259610524
308927383
153084104
197930813
213162132
788579430
576827305
926776804
580857997
29803133
123456
738165345
102153129
139447712
278603818
897318301
250899778
522879322
374754726
123456
324233318
805119305
952604391
461124373
651231939
17522884
123456
581987536
984288301
450650641
483568370
762722152
123456
193799711
302903126
827970362
787022739
860615445
848287824
923840962
4435673
757596736
508591789
833414660
919265541
813916965
759531427
961524120
267797824
189123629
188192572
937942860
436319488
905417760
809177731
682952331
478910045
177109985
398008790
795406141
587705697
433308553
457496674
604413709
860931275
316098437
851875113
123456
320176922
123456
216167519
827563546
1023268340
601925481
795122872
1021915508
202852066
123456
123456
267525097
658490999
457741669
348278746
97944199
123456
720170743
83694635
649051167
742984203
284594454
173789060
518269032
610943505
141259198
199776186
772294785
549089411
266087322
79337088
338806052
278569628
123456
889993613
826655229
183069203
1055713476
612107337
430324399
258081372
520044590
1010810221
1003417950
157338888
521326187
1043644232
333483252
1057642362
430074138
20273911
799774722
1030252320
123456
382250613
106907127
988259200
1019375305
126503780
702979394
942489996
508413539
306803435
577651107
151631758
201918318
842341598
420727082
886382613
324436077
1040998054
352195690
854418142
424050903
690390027
11650669
357536023
797731823
488356844
1069145157
232522430
588852393
205439979
151447898
613813675
834239072
158648476
123456
515459452
1055347989
23503778
579265874
566621470
878848152
855653989
119487555
856683402
932912277
584735580
866178602
356236906
1069635205
494947236
254836338
219828939
721955134
847726961
934738190
542688948
380679587
207817810
11847870
258524776
978965541
47959168
180689576
762317558
363803022
962356848
355428790
845316592
1046034851
859379548
753460962
593319613
206421005
425811698
190949031
959807463
473509035
746412319
669073468
977505688
436233267
598875422
717516251
472713076
161220980
418191770
525372903
619798835
272865188
268580189
498426778
994335805
465291331
123456
693264263
492304934
690803860
705663280
134103985
210929210
415879396
201268952
927254234
1004702891
401185411
950985393
965112982
1072966942
779569392
123456
472163930
888622105
707497742
747428594
702722840
514089211
425905597
116732652
531558527
1064333175
701419789
372255228
245649695
670039912
966825835
269759080
718030723
8396201
421049724
527810262
138430921
798962722
515582942
470441378
87999715
520232973
659664944
583729938
821153695
260037340
244875580
50659571
741026685
737499561
481378757
307902101
480141619
123456
248424017
106709759
197041225
571405565
334940910
393826142
945444233
1061860462
334536443
533888881
684927916
107808871
78381316
504780855
1067077129
741108743
732703590
325311442
568160195
585205422
202332451
479933991
123456
