1019578011
158096084
338145733
123456
1023575644
453724211
962707068
472751792
668255265
1019710057
707415265
851269932
852018705
1065764001
691442164
510028513
1057424326
393439401
908029713
745547275
24474734
212799921
1061765925
663007871
1054306161
306583170
884503376
464421783
1042976598
514902205
597529257
870824771
853760062
390585365
790090414
23242842
368036584
115320692
195311716
966016650
296008202
1040026699
983332362
1064901497
127387711
123456
1062301755
528105004
755504330
37422712
627464859
756613341
897853369
430934210
343405151
975123918
376917197
326703734
878051880
1013601502
251419734
151174022
106949592
922767012
602926143
87808351
129133853
353641759
394771541
609096315
123456
26283419
533806334
595758506
753386543
592074685
476443748
574600765
679191758
1047354562
527894711
865768817
128805743
79261015
462606670
384693201
287384078
262077405
309833206
545185492
368777702
169828378
20411889
649673544
194305001
123456
1031208573
505745430
230097060
1035898829
185671686
719082002
939758532
567162077
588266180
317764434
171460380
465588788
800005248
281620391
497274150
563111409
131753315
452802878
265481615
150416931
618156841
159313400
209104436
662726362
1025350102
428978205
898259472
603170243
515155377
294473940
458414130
162338340
123456
196608081
944655172
530954584
444364493
736707631
600234438
882669813
258471559
23654657
763082936
877684727
734481929
177925032
757499728
264648053
432619608
1042831366
748927834
217143048
427086532
541104394
463081113
579147290
366498304
750572874
200035006
217695905
608471274
578188189
513962545
180608596
43108012
923444636
598951296
407992802
985886108
422339376
123456
373619556
247368493
536523658
912027637
109133060
37761483
757713975
923374593
899225619
576006908
345389168
226797944
197992420
473442403
398007016
278619887
807976597
380530820
587812042
412321135
750268699
652132807
247775853
242947839
468236444
123456
1003397249
691262709
60819968
317676297
843903395
525748178
962290282
312106694
123456
19585479
254122919
195283240
566418372
907585019
1070670601
610011061
207622546
593747858
925470655
123456
123456
56313468
930796539
123456
491263271
55495137
987464866
967207626
123456
790341744
85155959
1025258475
1025486662
123456
413972746
719029545
508010350
538562390
790074371
109138815
587647032
929044119
556347814
335037899
279439138
123456
452044271
201674153
33863871
462937726
307662481
555409352
633602971
335009981
443204949
706367597
917787352
975927820
163174103
958857933
165545713
30141135
81417485
429292289
299900602
1051204556
149281396
559126696
660904854
776472750
563449285
773023873
455806688
964401111
620350714
233458879
265118917
527730641
35439564
748480537
565617918
99208340
664973147
960787276
871859214
929678732
123456
704958171
706486762
397121655
523583565
431221302
667168825
514497817
616886407
368731697
195942840
977227373
351878651
118662206
366916734
458902505
55479483
1055487430
107600665
912767170
39329437
346031882
916173243
572778626
644287021
975415866
841953181
735062517
874468155
1021395391
644494871
165655972
892990625
52652277
684744617
655433296
532627730
199662053
360693468
419388972
123456
631126835
866992820
379032286
1021132247
1019219237
484996857
699696969
908974555
186328054
1051382469
241614526
71526861
808506557
989204226
924589689
947118343
192043248
440041996
375593595
727629776
1044580572
952785301
751376360
225017507
819756986
951417022
286772025
345972069
371755761
462471253
649749411
417652555
962654695
536228413
700466671
52193903
794048085
594213605
685492859
416122017
123456
305192161
114329586
246883718
880535146
565436667
872722600
538045373
269922661
565774171
123456
123456
273280834
499537102
751172492
330845389
473270842
720623834
433656507
388883339
684165577
271719183
51230081
867324236
488287403
188424366
705827287
171684824
636920703
178406271
826704572
330350989
475313955
544978041
636508822
275740492
242873980
960217175
348349335
981302773
1017922244
121242921
542983381
964124038
232547276
352130829
336204766
112750768
494872689
1067822445
121622480
367497465
123456
123456
796110347
506907320
516172512
727170084
346978096
474654444
481390844
137803123
1052670254
852780448
112177567
1067792145
645499828
977539933
303590586
371449101
183994462
819157919
200976402
1019168731
73236445
793175113
326911572
730804914
942192967
210780983
1009150128
788432683
91657278
934627062
337485997
735304232
580380040
550743192
959067483
826680444
368857198
77454609
342105102
930837450
968974061
673227766
922072503
695819724
643640945
304309400
1031520495
937555477
497063465
123456
141473151
1065040913
741985676
266849034
137971555
181372901
123456
977030207
142470516
74236105
71993743
255782501
436227293
207503381
151303360
123456
99757217
495282332
809253176
494538784
665617980
429945910
506538785
123456
617205520
9415029
634612342
839809226
23269954
303778884
905036818
84012870
475133040
262280043
784664993
395991818
19806601
894505004
71485847
869621600
738185027
694761431
483343006
1038544187
903958172
746298062
817454976
674684890
123456
1007706278
40449177
130661468
594063675
937775060
557558492
108504939
79183574
996680897
262908814
835752845
115768157
328534924
643411487
123456
1045799129
405979796
76706265
992458294
123456
494815055
401287997
1001699780
747907801
1010321716
200931913
245786945
202644686
65030856
35667802
853446245
123456
111219902
590791466
646608222
848540288
611379791
123456
795421763
371240141
162997734
341592897
837400755
784325423
1001044047
695903287
123456
635660307
402871824
809780979
336428139
934544318
181586437
123456
295594651
253268578
740886193
1032920114
190787052
11857258
784556158
739087187
382374180
477037741
506639906
390780608
304060742
936364289
740841140
173548764
248899874
587083947
514846448
123456
123456
123456
62502810
317183171
860881698
198316817
699621018
307301240
983228211
18919641
572399143
1021864253
853499868
279112351
708856251
537394494
693993812
643085863
257516975
812261396
254895476
585321135
721533487
412611223
1017319619
568997019
1046261480
941060784
123456
804458554
63534095
813738743
1034623892
963004468
580239981
439114381
812428495
147535022
612151017
147977094
143159258
537811903
123456
748536007
685204749
123456
525797734
628179769
864950898
858690253
393916648
123456
429443052
943923574
633335966
551220765
92649188
163528857
843459290
439845149
729750313
798841617
333785375
284806415
107375998
159408616
170082948
165596319
1036205709
682772858
371755118
775114317
450916273
123456
123456
811642472
499171859
620295891
795569222
911708740
369657493
445826987
581984886
420680197
500527586
771575906
123456
338905498
677574101
438706980
568674325
123456
326453995
444468104
279054599
538865216
538982208
515270199
914547186
230376379
519254858
67985759
853854818
838974941
400711533
852447254
100801549
397264639
10867946
402400782
347254270
922316088
865459585
298237126
642622349
155941550
1001373497
613126507
341697260
977080526
246936596
392768272
997607681
842152278
796657582
584638486
873233790
157990329
1033038803
600138992
51226568
560469122
819994295
63519112
324785750
303384248
118092340
437402162
978752887
866726041
123456
940837194
910883783
139062564
894723571
291922602
23438638
23376847
750224397
913935257
237458917
971480680
904064644
1004960617
79703279
1064172190
345038923
951384840
688881901
718520116
621522502
517736748
206329466
154033492
734509736
278491319
563510475
54332462
700522414
672160573
327455884
511092976
133546023
381570574
487808769
545124266
542426671
19039148
791329744
820759743
975931374
435784688
285855142
576464028
63539527
454445315
512215767
123456
603121346
954756230
1008898200
779332591
100666662
123456
169930482
206854972
586097553
123456
531624791
664199462
411268645
123456
238637925
760207255
199115759
8746077
142069083
76280232
415883774
445339216
828609356
457359547
916445659
200250217
621429474
142337757
614638380
1066387195
861501815
956562142
1059360495
647591353
123456
680059089
649922959
196218055
513078951
762008159
124161447
1030161242
634481477
415168683
48498525
974275392
89671891
956077931
317612046
208583273
248316033
539823226
1017978552
252423984
123456
259186808
123456
543260766
947972997
857049095
317146982
875965754
496939768
510868209
458432791
509758805
801510977
210637088
484764477
192594049
617852897
548004453
159026158
559288538
677522780
650438189
632432628
537399027
872633270
160264612
984162833
730710948
595093893
810994979
861800089
495043086
423298277
210522170
60015676
123456
154957009
906927252
385460284
708601088
306724335
820920637
6145611
123456
552718086
971245631
10007979
800764691
919479015
1072758678
373600660
98401064
314738893
990831432
193709264
591873886
312245440
125916857
123456
384142137
147467410
775251570
964764758
626217578
123456
243965690
62450894
123456
594798259
770400573
752113396
935774089
512186291
231349097
416033590
258225344
283143695
973229499
938045346
668459558
433277549
395641942
123456
66698244
861992439
515226054
715139919
424684616
765604537
369538926
586369811
789558763
123456
299306943
309177167
352566191
523567926
594571625
263590593
779103150
776310448
357046935
670816942
801758067
802549220
515557609
423904638
123456
226622246
698448612
503705692
813803757
611567194
364754485
517722264
123456
125771078
1047963608
627857698
167634075
608731679
838368504
312133014
500246106
523366845
875992071
969856528
769964990
766827129
123456
123456
218814745
1053644326
789552374
828027801
1016966633
753231746
1051365102
724897228
533906340
552083776
503980709
28076231
356565414
681232819
152100737
378738329
279723341
174136124
40244077
284356908
889452544
505539057
825883516
707067999
617136461
982304013
949750646
420498944
683582144
570356080
764818212
972278216
509417955
514399611
719309494
155232148
736445576
999859951
707289427
40554081
123456
324515877
160028170
982322840
555363901
633190065
462707026
810152927
749081517
638248187
353743182
422119690
1013884986
715217264
691610127
2578020
67066627
869522601
276068518
895199032
774689267
518276412
123456
449162046
