29043591
899025133
438138224
7818058
288417320
339861988
872278
986980483
431285713
492672943
844643961
888892534
696578099
16583721
166091057
123456
703047004
30314926
109156848
123456
365918033
123456
123456
123456
1011698897
899486558
524215675
589801186
271976436
136880346
363807820
4669886
525894899
553710796
1048662526
583369192
1014456960
773322841
1018872197
123456
53094447
745005268
123456
503492523
522844893
950423757
100853346
182610315
217226158
123456
636903199
428678121
295981142
575318141
563345809
123456
883255814
789885861
123456
123456
123456
179628308
148666678
16757231
624431581
662987418
72287811
123456
973932563
248892856
123456
123456
378951099
283576761
123456
533560427
1070506244
558542463
413849593
969764775
123456
123456
67964520
837730884
857514275
214828245
123456
1006130126
123456
85587565
123456
123456
280388222
896179665
123456
439788303
197095028
170165960
123456
123456
983212425
123456
948612784
59687156
123456
1061572417
229742232
123456
1007435638
123456
2461234
768317614
123456
719981008
271430321
123456
314527233
241847324
1045767713
713133329
559792782
424885310
1056039083
985001155
123456
938977476
263339843
167991030
123456
1051530303
316350901
265231354
123456
123456
713851581
294853810
246130346
814186712
313475195
751256674
661597187
508225566
657503488
555897856
79869929
557234157
986313303
417598799
415375419
324513672
123456
202911515
516993977
123456
5028057
455787711
123456
671730621
344265036
123456
123456
985876423
98117100
422551983
441130051
923733110
88735348
866026518
560036178
485961381
101307787
270400140
303446083
740423011
758015582
123456
289318089
447522665
70618582
122450686
1004872644
679253504
1007076545
715870618
1052961807
129350988
790963816
123456
197398907
592467788
123456
123456
982766979
347633835
123456
123456
123456
155643238
111586604
934065329
123456
634165743
123456
539921535
335467019
443340512
123456
1055883999
256832685
123456
897313400
315974837
123456
123456
792114729
59129865
455115067
123456
639635810
307160467
55673239
133851475
424964377
187110110
938240096
136942100
360115317
705516211
123456
703386812
1033240142
261274183
634144012
137773230
652554117
123456
284639073
123456
659236055
679789689
123456
123456
769026114
123456
123456
123456
795011344
886849208
123456
123456
91551125
700203575
516323160
452460290
715118197
107139228
