661209408
123456
313178846
514926454
915849744
803051953
677980674
536993857
281189591
186906020
823355383
377994392
524012277
296302628
1030541798
123456
123456
123456
75910746
123456
212365783
592282384
778283282
1021806148
879656239
123456
123456
57527107
123456
262564393
799121723
123456
152373851
897934078
356111253
378571920
123456
32251030
666772325
981090651
123456
565443429
123456
64598296
257116838
1019025867
710490976
1016836147
123456
347288612
123456
284046921
736076220
98029333
388601848
338026340
79362704
209097222
600383742
865678286
109810978
787828198
527893942
552089699
207226163
123456
773318780
123456
735986704
329673124
860290067
672335407
935208623
525502376
123456
641619913
247686797
717576548
203734624
214043979
18637161
123456
727484036
123456
937846033
440571157
516962314
94815432
744808617
953944354
236806730
946348038
720030401
540487572
44338072
669234014
1021983188
989974406
500169143
613548867
329304925
669698789
123456
315040380
432750577
763410084
123456
123456
408722523
1023650824
441861864
333407998
379935819
252117202
928941679
123456
123456
693709813
654433156
306353272
199716192
845672179
123456
123456
1033465319
651494604
123456
959938633
464475297
123456
1003097936
410725110
123456
123456
322753724
399902049
123456
116724705
135674497
123456
123456
123456
123456
956620738
123456
799910610
123456
897433984
123456
517254958
123456
151211919
1008340412
985485720
10932764
123456
1055275121
651578706
47510498
123456
753800568
123456
1012758516
123456
822293065
1072232292
1030413755
277056060
123456
123456
123456
484399781
14729843
658198605
455805073
209314824
123456
565520964
910913223
123456
131556623
136583494
218908146
901088804
727070489
620560287
123456
123456
321652708
830251688
290390011
123456
974857318
123456
31796811
797166546
704384710
353184887
129764336
733351525
739170210
756240480
277158758
688746664
587564843
795389065
400977490
97541508
390954580
123456
209178208
584392260
123456
106539280
123456
745847444
614005983
699077171
404652218
601898175
836885015
123456
193073482
71957239
376108211
1044458060
922798919
123456
306180440
123456
819919927
674146285
77898892
242318891
227730929
119928871
719484523
316570123
753365752
842261477
123456
567448905
857110799
148982447
162551645
123456
617374441
847249472
263931488
123456
123456
676555952
123456
438074329
123456
1049430655
