85684522
762637983
723838131
464738758
236548321
724787262
123456
123456
303577269
979800292
123456
826601948
777706881
123456
1009913045
994977399
123456
335220324
617036656
738539154
771944694
1035901782
177792102
561555685
768736535
595440835
112940889
1072696254
726612393
382177235
212005186
123456
817094244
123456
123456
123456
360475112
311856938
750806490
366458129
920245093
198309053
898545834
271045424
31861432
860820644
570860310
915795150
857331135
304575703
337639626
123456
281323132
234876738
720016471
510836104
911044587
89202101
197366867
669077037
123456
134507263
681904363
744110834
123456
906709760
99554095
438121844
821484829
736998814
667346644
1001001382
362156549
61542137
835394584
265568788
123456
257362834
123456
971917146
990126298
889383620
723433821
338470319
123456
123456
75455125
46541449
123456
20827565
912027276
188898415
830896043
123456
100655244
123456
179470675
170584531
123456
123456
133332203
187278066
486570687
145890472
123456
155755753
137114069
890852498
1010524127
722028340
248627837
123456
193991957
254410863
1042244604
123456
123456
3871544
123456
639359826
348086434
726042370
123456
106684314
931464675
70621066
123456
123456
56217037
541865936
410037956
123456
123456
539385886
611545129
816921233
335724616
123456
123456
123456
983277408
235528492
185807374
911819792
123456
169717431
553556029
123456
123456
439981306
477920192
500985007
60669239
227580065
322876167
532975472
971062572
329338780
831117918
453419096
1041111723
1061789021
123456
123456
123456
763977341
724917762
1050542880
691559006
388542361
743122770
805894982
123456
123456
474469442
24862437
123456
209043891
896364296
1009482639
123456
341787494
123456
268608494
703388992
58046492
131706937
222969610
452865921
769217344
123456
123456
624108236
123456
60018583
477088380
123456
387254390
57014356
650113664
73763637
926755373
749108860
123456
123456
107772044
971035706
396648366
931269875
754967262
123456
71584752
57920433
44819478
1066050838
988834258
678853475
123456
232501626
872144848
906204536
590198607
132312546
123456
235774456
85589414
314709853
123456
769282860
899825071
908581918
123456
29787432
123456
653233855
123456
452750026
577035867
123456
718976560
405893886
123456
724273292
574441658
677353901
138649997
568174188
278197529
123456
123456
710732262
123456
123456
945924
636079210
784516119
