123456
123456
968082097
896375857
151271572
6630541
410623761
482871925
634791465
123456
123456
509859512
417257713
847423211
41915061
85247501
123456
123456
497176671
982771344
604935006
123456
585401730
750324415
722670198
742268391
1033593004
689762114
807367915
123456
759824185
568570201
416422015
123456
638850856
964735817
123456
311196707
123456
494590330
123456
772252210
123456
123456
169250663
55759211
816488175
123456
731052945
123456
194206332
130487039
445799377
258911520
117367154
778351942
123456
1024108453
123456
283837843
123456
123456
123456
123456
323252216
740585361
1041073875
358333541
602645582
944982063
123456
649010833
944350728
464643440
822153629
811212934
87613799
480413600
123456
621411886
995615034
119814755
307316344
1004088677
79744337
371133531
123456
101386348
47263581
123456
421571552
123456
123456
123456
167393925
23814213
701762402
763061881
265649347
198860047
1034512505
123456
123456
519647362
585159079
28018054
621673110
321654917
373696213
364195586
574817803
843857103
817043700
730306165
850206328
123456
123456
925923995
624209800
1034357648
548144383
123456
887535588
188949032
689256726
123456
937152910
123456
166557029
659767916
666311935
513837026
224644246
97593502
955581569
123456
123456
123456
325806507
135049591
318553651
123456
253010049
123456
123456
493630483
258169463
699092291
123456
476288229
902430317
898564883
667554488
344152376
826070212
236450018
573404300
640568379
123456
163286553
661885621
123456
603317428
123456
123456
21542769
123456
430200794
660224233
123456
745859617
369306748
697539874
867136545
348173730
357559434
1044877961
775648424
695604287
905489821
66441904
298011993
938515934
123456
894865152
76319781
123456
447699726
123456
123456
630668707
754048493
703030152
951410531
177067895
585519122
271136761
642553382
648075468
252443620
788452121
285589407
183217195
134211453
609128437
45498514
367372595
123456
123456
193635043
928075644
141538180
674612596
723862284
123456
123456
201610549
950534303
24455731
849137236
493077450
484205198
946034991
1067401810
123456
606532610
231378922
196905310
123456
249096164
728141366
536582892
43319649
123456
963692667
74834580
14937846
123456
123456
47827054
295339917
1006520197
515754970
410372163
81073916
656401574
116501857
319437501
123456
266903676
123456
738478907
182691395
201935276
601078342
954453341
