123456
123456
123456
108796386
507516171
573418992
314399076
123456
411080540
123456
384842042
123456
123456
123456
793831491
123456
912600614
427242879
790177928
1055093301
123456
752616933
123456
183709043
577247280
612623711
123456
123456
123456
739824397
123456
421616072
588425837
1027269154
123456
123456
537561313
957980783
30856188
123456
176876336
1054503709
123456
229160224
1048829868
775581371
506869470
880296260
992336846
655811319
123456
123456
189822224
259368593
123456
310367704
629913244
394818874
567441192
451194564
264655911
701540843
969859848
936184986
340803514
105628274
123456
328220937
176515477
123456
680566496
123456
101320422
674857434
319079549
528059553
564809956
1062600033
247460666
123456
596021881
618269908
113156431
691806637
368689192
790302328
88313043
840542782
15638618
123456
932507298
782538148
1878655
123456
424311072
760667618
651370408
123456
61793787
1034910775
310906805
899397852
247921896
223134853
677367904
783462564
960384786
479786279
123456
984743535
76514345
82825485
914889697
123456
697594504
335755633
607919409
123456
577513360
438030092
249976358
123456
540094605
841468660
123456
867923406
183184026
47791324
48920455
532237445
940275675
881645315
396048025
123456
373297812
123456
123456
686922690
775039661
250190249
189955566
606842526
1039939393
562978487
844054842
123456
907337717
169988088
123456
137099193
555665971
845567602
732498994
899062937
527100021
908830728
238362514
1010309659
248227568
123456
123456
123456
123456
123456
127338457
742106295
932856442
815788856
123456
1063288720
642686889
805795697
96657099
123456
940239196
577246382
115618674
47950407
123456
229117259
371786807
995683497
255246204
397871609
917281628
408253908
123456
217094248
123456
390598942
95062540
641914205
982022040
762922269
235367823
752336449
536894190
590636149
202252731
153784723
315603807
123456
701338637
124969013
915817600
989346167
54274580
123456
994693489
123456
123456
817366774
123456
123456
985826729
543169769
750716707
623161365
805490046
123456
992128421
324215097
123456
513630014
123456
1024216557
867921829
365409130
799271861
707379482
846822738
745199626
153192059
1038640311
115175244
862065410
123456
781062032
806678984
407086080
366227182
164334640
123456
123456
842998506
123456
630055585
734596515
123456
348002002
510890216
77090126
509238802
123456
624430128
825802761
