156878446
67881626
488870993
936990156
651605134
865481136
768036859
123456
123456
123456
768193428
337990813
796055524
288379187
123456
442580355
100812623
369729959
193760549
435650959
479463909
1041090994
979962105
123456
22315205
794587472
123456
123456
288321648
629757366
321241707
950348290
147713861
509433115
123456
338724043
123456
25337265
336838756
609590730
226361400
155672189
535594742
809679217
18163742
160360902
920238304
291893635
993292741
123456
993850060
248842490
479163374
123456
311102308
1027213898
366162133
93829019
772557081
81403537
317621536
540945923
123456
1005355531
174014200
748107634
521015331
1048499744
123456
123456
123456
30468393
688023519
123456
123456
123456
205771978
358449450
123456
585316871
123456
1062392239
123456
123456
123456
123456
194687961
922352419
449660879
60843079
678626008
398645559
903505385
28892346
579748421
123456
123456
617759990
487184503
772270240
481301010
123456
55050373
123456
123456
123456
123456
39699190
107412916
537458810
531760512
1054790909
123456
733922580
194150360
684719853
717165761
914510042
226427320
123456
939695618
495801204
327455937
767994010
123456
814850358
758777408
624600357
673208954
475157222
123456
68330589
925030840
379740973
123456
804916811
1024529277
123456
123456
830862060
742243585
614295322
123456
964922458
123456
123456
321610428
143229805
286614515
123456
434109097
537866850
135442072
329320622
832408470
477498551
719382849
123456
225050441
123456
275982666
848201786
123456
368219493
348896062
902643570
976113683
601252585
169404929
687243324
421010889
123456
425264683
1042385365
406638692
184893986
349064747
123456
123456
123456
350598561
968065515
419348553
924308572
123456
880497072
1040900371
849516578
176444606
517327440
874243549
217064556
845823850
315578364
831517400
369965596
710603994
772419027
751258016
662942491
620035607
123456
126869048
123456
417757123
546904888
1064992988
945328037
123456
317749932
289456095
312806318
472142245
123456
843458903
357964148
748843025
123456
554529065
123456
497863970
402196531
1021515949
488509381
109298076
468454969
871810294
123456
871485179
102116387
438209050
123456
123456
233919965
123456
228323056
374657693
288396359
1054335933
918443255
349369913
123456
370292147
123456
898584300
1035529664
704945635
123456
513823006
36078580
472804647
939522889
522306075
958658635
123456
92474982
