865786152
123456
123456
893392217
123456
763388109
586985380
335451215
123456
404760617
123456
624939357
325996707
890825763
123456
123456
795784268
554732738
495460951
627356592
84240816
677898855
123456
213303261
123456
123456
468414966
123456
273515994
980851859
835291497
123456
600485040
123456
123456
766348849
746211024
123456
226635813
123456
600012867
815202701
647416904
123456
123456
433381420
50134087
1044577013
591685228
123456
522333823
123456
73973569
123456
33344283
484960833
99628399
1015868906
437494338
123456
123456
293852604
934894342
790623559
270563395
1036137475
195736201
57686709
254060897
973060417
123456
220281471
123456
123456
123456
123456
398141106
92250509
123456
417487898
123456
123456
366403187
762697592
123456
257162135
73920789
910842301
835419551
58092643
123456
123456
123456
639963710
689361684
1032903306
394891548
624704625
123456
104703749
208052584
623644035
735488275
796171508
123456
123456
506164688
467822572
1047687782
336615544
363076655
1036717185
939583721
123456
285692709
123456
795781104
379614047
1065566345
101127957
487061058
260946409
801928005
112210082
297550293
348944827
853093743
869180587
316607165
123456
37676176
329574077
144162636
805120455
89880031
662264974
922865395
123456
551875710
123456
817656124
610946655
632824923
927787848
826858296
347736581
772660184
592144065
123456
1026730619
123456
123456
578037120
123456
287170014
230996171
38971115
123456
123456
1068790561
1008477684
66640895
121187509
840755739
874890909
672646545
207310538
138941385
123456
652864421
488209516
29019840
297568713
628277787
123456
549237986
123456
924816088
60108506
1031534517
90162264
471615541
629363600
584683653
285609900
548810087
163039313
542977037
634883663
123456
894182703
368450765
1056579716
80404681
304014977
409172722
123456
832254314
212242373
351868722
730036195
355284238
123456
96709457
607151683
723743732
835809091
433946963
934568076
240101599
216907545
123456
502383831
800982771
578096494
60211899
383982045
420628511
697622994
123456
27583509
123456
681790355
422935883
631770443
202576612
702312143
508791426
190546811
1064719586
392206279
11281531
913697013
123456
900731257
829150160
725432449
463257105
123456
233565689
42661253
1005327215
499381159
123456
733464648
123456
307751210
723968603
262325017
446753593
893709604
123456
211600285
604261714
123456
283548405
