191419764
209266547
123456
614461736
145804853
123456
1013089511
228915660
804582381
953484318
123456
123456
600950911
123456
123456
902202064
123456
906346035
123456
489372888
552550372
498343638
396790093
162159864
123456
32621937
1063837247
772127681
123456
1023446848
588852295
363123239
123456
52530041
25270458
262379822
123456
123456
590881209
831860491
434370791
423414771
123456
113311726
921380545
116789261
728257924
477366271
306377652
662597102
429058641
708614474
123456
318042542
584579952
896482542
477455850
381868519
123456
228114802
28676153
503475998
841262769
123456
984116491
308581030
123456
689934561
748969540
720348007
172764620
409441860
392327880
871501611
123456
738868140
780723289
855659999
19706016
166360572
238892380
123456
370956389
1067420212
62583967
799458969
1064421541
938555498
666385929
123456
526585622
685501948
211800117
123456
123456
282944683
786198375
310540068
123456
123456
183072538
106849883
5811518
123456
688961482
123456
123456
13267488
685254528
123456
981314647
53510758
123456
636583773
356232393
261106129
569162429
540358184
123456
767156619
303177263
123456
123456
453592632
958303632
123456
1043209613
854594227
673896579
123456
676956875
707139057
123456
956725709
460691782
462403867
123456
798800363
218094620
883384290
947305807
123456
123456
321980861
582291873
465269573
975268180
123456
123456
849269785
381007772
758260864
1046008575
94357366
123456
123456
414770839
283469667
123456
538069648
130355434
123456
905995795
857315590
459797245
884309863
123456
509953835
948217238
709432475
297970033
816126178
930210990
488479013
123456
676149966
924157434
440537047
477308635
636543311
123456
512232468
123456
1004303674
183108387
773168543
925085745
397990444
123456
452192197
229818186
66012482
123456
237842202
415167603
123456
123456
515332643
123456
123456
331229081
913631761
25779863
999142199
123456
123456
78296899
1019702922
574419947
298604922
123456
696560245
759857935
123456
173472118
907812048
358723072
48520908
294175354
123456
123456
454069885
27185242
649112725
123456
428128525
1054591343
675090444
174727878
633524531
664564063
315455128
612280762
627709096
123456
79273558
615017986
944179838
946186281
619074022
123456
576088274
739062836
378447009
963762996
513750517
1021906985
89620983
138453126
367869548
883551958
775981017
77369993
932415890
843874742
753319886
