321854445
974691678
294259053
5285050
763477241
123456
860275162
970482801
690862070
792014039
123456
161027254
632573118
752292018
23151732
123456
231722728
123456
912212055
409330145
724956243
624608003
122460935
574446143
123456
960950387
123456
200391460
123456
1000818111
289812830
123456
123456
665129585
56383989
123456
130805117
680068452
163840652
444171107
741541504
413012488
820659658
441100694
396828143
476573681
125450564
982109440
123456
98262524
1018934073
123456
436296753
123456
123456
123456
257053842
876031201
546250843
666045272
55317845
586839708
123456
372133921
200774036
949228772
123456
752359177
123456
43296394
1023181664
123456
818397731
779380546
254483857
123456
1064746173
326082540
85479476
123456
444578508
236551761
894161518
962757258
1037653032
123456
915076948
989259264
601460793
739519976
123456
123456
123456
81621307
418623308
387308610
592144433
123456
123456
641546252
123456
1047865447
260228036
128183373
254630702
645326141
108376508
123456
123456
1003383221
123456
373695633
988176126
123456
924409233
123456
1035986927
22869373
716622522
123456
186541524
123456
704490290
343157731
390020511
604721551
123456
1024743442
123456
11541678
547850575
220696937
351256750
421925305
1057461106
123456
2072961
1041548903
281102665
24784609
840334570
232211734
321074355
702182806
533393937
123456
706016825
755328695
246300532
769630499
985633070
130722171
271601552
123456
206980544
369230098
729188369
123456
123456
66756739
284221982
123456
123456
1054202493
123456
400007570
190390931
864621003
259800071
123456
812434938
498643683
862035604
699076187
714625054
204288467
894402684
712237891
278628036
123456
278569587
445632736
471491449
678764122
123456
123456
733430893
129648566
382476968
123456
157370618
674464033
123456
123456
123456
496910500
642221838
871143430
138050242
690319432
539543454
716068926
59201347
222848959
355003510
1072356577
237081590
734645238
992636811
551406233
669386565
150825790
808939803
123456
361955895
445032904
375115728
457507865
123456
123456
500234604
561860825
101979225
641687549
767083334
814498231
48975459
386354526
983450583
964276538
96452980
1001598773
123456
526291673
390191359
693733563
123456
123456
298478127
219004023
123456
581726058
123456
603034921
272402233
595388296
717099895
1023522379
123456
1047957943
1070973861
57893397
123456
177270455
123456
776731497
