751756393
690075101
275229681
847002494
154826007
123456
123456
481534624
125514852
123456
363236907
851578466
123456
573374123
803395551
417241693
955433668
884170705
539219367
974017451
385218857
1068305804
36393325
123456
230985544
123456
967281653
985428234
816378300
835275550
157259556
199647338
993803388
130130473
471890878
559769748
514219205
123456
558909931
123456
614067307
899420334
213129467
293620585
429676079
1018001945
276477900
702500633
123456
123456
282945306
430320891
641354480
123456
123456
877092960
108387242
123456
420052322
195845920
387995236
323845976
970971471
645366910
811637011
123456
847204954
123456
361128688
115210199
123456
969859881
381763836
123456
637735034
432432200
997555219
346356234
179529990
845166941
1014208227
241558826
123456
583761247
459209267
123456
1069336911
735640906
123456
123456
104343628
123456
665581576
633116991
123456
977273213
123456
653804798
118203292
123456
342474361
874280504
760600816
487623528
123456
18661545
123456
687778906
635635191
123456
326196039
123456
123456
901873307
172233108
123456
964463357
867895154
123456
123456
296226897
797691876
345127097
810973292
290798923
412133839
123456
123456
193178563
123456
741820037
114328304
461678659
550547393
123456
569048904
123456
1031050045
132270124
123456
912134346
909716708
903491547
123456
905111487
123456
426892520
438784682
997683514
244785639
467437582
146161368
123456
389580046
713922339
911067262
918339159
635203251
186153537
888215482
593728658
609724717
921459423
90020429
583242402
713924048
123456
123456
904276147
480280559
257468917
962152639
1028329385
455685894
529719267
350539653
123456
811700349
118817813
504231900
176088918
967149343
716843706
675524297
778672510
123456
957526815
123456
461031996
703861294
123456
123456
7867233
1062674927
637624383
160661721
41400662
123456
323737217
123456
55330710
459868564
123456
565314334
956679282
402208222
809351587
123456
360101749
633207387
737463834
67166204
674673519
757153073
88771567
123456
819819391
924011292
817256913
320285832
825893720
745450889
123456
1069214778
1009470703
676633735
772983338
904841390
342316639
123456
843940554
123456
790172885
732375329
997277237
336844426
123456
628987598
123456
288760069
123456
173290861
953430934
123456
1037250194
76961564
940491335
123456
45093035
658732594
435549127
123456
39914423
123456
307757783
693426678
