443641754
123456
604433965
764418352
123456
1070992906
123456
264462916
16120804
752247155
515689185
123456
123456
665483702
723369527
807508549
146738088
123456
842520910
545157266
522232318
495821108
123456
76767509
949729059
123456
538691620
110441375
123456
99285428
654321181
262738422
123456
277120858
215511336
528377725
917361393
263502771
433519080
442214176
673670663
221639323
1020112532
735242081
464138799
123456
123456
185070528
39911809
284115994
123456
544930004
945722857
123456
977548307
123456
123456
68631918
70856379
157753712
652791249
123456
416948736
18693176
123456
123456
842264836
123456
1026620294
227952717
290380035
123456
488482162
401796940
328702118
123456
366413738
123456
99058406
321170552
123456
123456
827365271
464216389
915011150
476606692
123456
748769482
123456
895335426
494894502
123456
336166614
568824096
570732731
398868077
591012940
334284269
123456
931622158
255338262
123456
123456
651530375
123456
146757176
329228321
116950442
216760805
123456
124669647
110306357
956337794
668109872
951046081
1028280534
679476423
603544781
123456
63860764
797985126
123456
391614699
255088719
889174517
144049553
270269792
123456
1063997065
453495794
988800024
361018349
123456
455677511
1015997029
995307781
87168707
931619868
302442571
230376142
1008145331
718256475
123456
592996336
486740325
145624669
897936400
123456
656524592
458680761
452418636
677826097
193951040
549524785
497606239
962048823
745721984
720071860
725060927
659171745
193058721
123456
123456
123456
123456
123456
116786344
123456
123456
997251217
156556735
648501548
749277451
242856159
188198665
707580915
123456
538573479
1023568138
285456437
461513641
504815983
386572160
199433163
685374428
302536191
123456
1001257764
752592479
757277609
192544674
572635666
123456
265202572
124135244
950722555
964503407
793075189
324025583
247645908
287820015
123456
123456
723509381
123456
431884148
679489021
111404692
1013867211
123456
343745375
864573437
123456
842600385
331647491
517499612
467952626
485716496
123456
858151653
123456
123456
123456
157328902
290353956
956809862
835548456
883048661
123456
123456
234322389
728794061
412082951
375752232
540040230
268597126
123456
93900811
638067037
704292585
334032052
603289874
20171303
628902157
924532419
123456
123456
728906733
123456
583574260
738567375
513666082
33350330
312770002
738362547
644803597
