510372440
939381252
169105408
1024091779
915335946
714934821
936332533
877907865
840233009
123456
754666310
57457661
442991751
123456
123456
76172857
361936603
932037308
866660023
1023376108
1031853081
24278494
123456
734333150
67604963
123456
1005990866
889969715
342299160
761107506
123456
411478479
123456
693239795
913242731
855216869
615938783
839773374
123456
161130917
78881832
476640775
370265223
231674728
123456
123456
1049376237
134565783
230358262
596219934
449319220
123456
632044983
411503170
174693231
22475908
812895129
203699760
311386533
860018020
534663924
698260618
123456
123456
794117967
278544130
922525295
66886325
443435859
123456
171504474
481247010
394788544
780962909
464942311
959105789
485607976
286249816
755478871
359244909
123456
640576716
123456
123456
926279113
673408459
67364509
601406144
7056147
123456
123456
199704846
863992940
451551704
607753478
681987273
123456
924038417
643304278
990585232
749896684
523339476
623294963
428051660
1004971626
699624130
900144233
887687986
471589603
556483571
1032639862
868666083
473170206
525166990
123456
123456
796283430
728457765
232601037
123456
123456
123456
435158803
1061141046
123456
814957181
1388638
123456
842084551
123456
123456
83310127
518116124
586536789
508927999
123456
771464648
647160259
622991307
123456
89202424
252445451
123456
123456
678321388
814424413
670283740
408378776
976800328
123456
123456
512120937
123456
68885100
709452790
155184131
604757131
33060647
325489368
5270544
745117404
123456
496514277
465872458
123456
123456
701232366
148241171
123456
698556949
1791332
338917451
903605986
996712498
415776116
123456
577536395
123456
165921430
556215790
123456
1016933003
472585270
941675981
1053474451
702905301
123456
30340431
336943062
123456
981972607
865216161
792672474
180732142
165856185
1049532452
777960635
123456
123456
611328272
398384585
258843750
396267088
742650263
413195570
123456
386990691
995103107
123456
129956529
123456
123456
1000455679
601757664
123456
608433848
384483794
694121181
814636475
973153655
123456
123456
123456
831729186
449287954
953435485
123456
810069757
123456
149425890
452985078
123456
829859595
999274178
123456
963468822
919730207
52248210
372943207
577010106
753333777
16439598
67604208
123456
347985982
873493769
123456
123456
219669251
848553864
230065015
123456
244078814
123456
636872759
573968417
