84217228
1055219466
123456
123456
162291897
123456
125425881
123456
123456
123456
388713114
123456
194922084
25475431
216612121
977414838
123456
201508630
123456
961658080
123456
223764476
881792875
8107829
30559190
123456
1028513825
370318071
123456
956447553
497439246
123456
98096498
123456
126721655
631485783
562919855
439711080
406634678
341316054
856303795
839815541
611845226
1010433186
123456
679172675
21805781
815102558
123456
467440107
901273016
123456
1059684305
123456
123456
192786705
123456
112798795
902725848
690073396
74457587
541981085
123456
919659656
123456
944143797
123456
123456
1002405259
123456
596394147
123456
990064027
93668680
849049184
468641260
868181706
474445073
257665106
16278616
999459541
931733511
196469142
113005093
123456
231577116
396689650
674175661
387020937
475403219
175239908
567395712
758371193
748020924
467799495
123456
123456
146565291
123456
123456
669882852
123456
1058119935
467288887
248572882
743233906
181887495
668034904
123456
81318115
104051131
898295129
123456
592623489
241685129
104505664
73373730
580543641
267222934
431543540
1350155
123456
405820636
1005598776
1041735736
72974883
686125000
123456
123456
195837042
683230285
977365056
123456
292395312
123456
997759527
521116786
583700201
572626663
123456
123456
1055468844
292934397
769677393
765368088
290315509
670334479
936231795
941596840
123456
771052116
771129817
975288088
847710722
981538788
120152419
217464498
262991069
235523080
663998834
1059378169
504077226
427054972
123456
815372818
123456
994187743
454553820
123456
444183481
123456
931978113
1020930987
167651410
356255724
165999240
123456
524892604
123456
151758458
748634881
123456
179082739
485086740
98626473
123456
831259421
510758159
792193257
68380302
407337549
123456
123456
733787657
123456
50597922
99786393
546353095
412890233
661143989
123456
1031884386
431612667
490805612
509801388
365985834
778894607
123456
902360015
123456
191306675
489840880
887652247
231702280
110936465
362045679
942675812
1052698132
982596603
325104364
123456
869818557
123456
436706400
1054300784
885391526
776967214
405350289
33278925
435612114
83675412
123456
988250361
733157331
1004914426
458435550
566564309
67751018
933303551
438116085
123456
123456
1051725740
123456
864311316
942142442
123456
197232481
140162639
1038734660
498960730
123456
180603971
490543008
436297839
66971709
