979565088
123456
123456
33212055
141639039
123456
334310699
471312461
123456
97266545
215431870
337684951
123456
71082172
342326754
73474663
371095803
559012856
488278503
123456
123456
123456
258151822
199690681
448639066
864706469
123456
123456
123456
720575185
892058359
123456
8996073
832583653
733074228
792556208
16345540
5664931
693710983
1025849919
426421011
1033269559
72997712
123456
123456
347329003
921019264
502985371
874675895
123456
123456
423759065
123456
123456
514291730
190201654
819668133
123456
1020630547
123456
880826174
123456
1062902206
508416835
151455112
123456
454472923
714849263
18494813
682663533
210314803
348169498
762272661
115575946
123456
876142387
696667684
856772304
5906696
571436386
296016171
114036628
647523357
229941961
135474909
533817375
548872391
764202313
123456
42677695
265073965
924018644
420566766
507778384
274947854
212937576
217368056
123456
747975020
123456
17846567
776684644
53076275
651052333
909093616
209278213
446565370
632204828
268143646
293983897
123456
439239502
1000349030
56092039
185033823
38126515
123456
190558144
115904206
1070587699
253804596
398653615
150210439
383013737
273431025
123456
123456
978878696
353225199
123456
634397936
430764804
648354110
60619568
531804483
221003042
580555472
123456
318141521
371140750
982259096
248477136
871334382
123456
767232048
37133356
873517608
828414750
925391301
663210884
871089412
493348862
602414421
880325058
308393811
847451446
527611966
815550358
642685121
244213577
196382440
1059756563
867322724
116256743
519508313
182196882
333023328
482613081
123456
987517623
123456
876593234
633672705
123456
123456
424327116
84731446
523993310
881589294
913558959
1017819365
297501522
200646779
14117368
407106845
123456
479296348
994757510
123456
283104469
241812245
942266816
414406814
878662712
123456
885143044
263701240
342237844
961097939
216219224
123456
549850701
514705560
123456
579167283
83443139
618043897
123456
123456
657787530
495099492
79236612
123456
199917649
123456
81771295
974996432
428467877
123456
247489858
123456
1003587082
311948685
123456
123456
922697951
995209560
123456
560018770
123456
424536048
123456
123456
624529988
123456
207031218
39846267
871915579
123456
1058224772
123456
881979841
1056079996
123456
123456
268481777
454550390
123456
315608692
123456
123456
973284914
619942083
123456
123456
565313081
