585146206
123456
515729935
872448356
197198538
472943522
123456
540483061
479473053
123456
809151012
778174534
338102066
572311888
793344992
123456
123456
396733576
123456
1064356275
142151186
123456
174266017
123456
594619289
848682092
114399696
123456
123456
131511134
255852774
526126851
147750093
1032099349
524487077
832731332
934945147
288717932
59991741
902311711
123456
456346128
505198419
123456
123456
292044285
123456
156263976
177549950
586397284
1036724262
457240662
470965636
402067794
542538325
123456
980281665
646771900
254390364
851399530
287969599
1026234637
180995981
661257833
966541949
822701203
999447312
97871378
587202631
123456
251688069
123456
123456
423618572
140019920
294630404
896524515
1045165359
393949280
123456
123456
811448587
721903946
123456
404796091
659625026
123456
123456
123456
337461966
733684885
890962366
751982491
485117250
715441878
865213282
691165121
123456
905533015
123456
139244781
123456
65568529
123456
874204874
123456
712052599
611121295
449800904
201176226
792777894
473679035
754585304
123456
960974070
981481337
416127561
505160077
819532604
64618879
211084054
63708892
698133042
933434994
1024962894
833336247
405300574
74425850
796388983
123456
38820502
897883187
153926375
123456
177299603
527433693
123456
884035060
676802264
128965639
418154967
875937049
124074677
209818446
123456
123456
80187517
674459831
349458329
123456
123456
713899216
898982872
661258590
123456
871930596
786336234
323359261
411194358
911836658
226741740
779297629
15491149
873967384
123456
235904281
121281653
835909215
642816067
895875505
964950477
123456
123456
123456
951950741
170975955
123456
69807103
123456
190432525
241192874
413126709
275877845
525048094
123456
123456
123456
494286006
790792837
1056868783
1055193893
711032217
100930042
181776071
267138302
918071240
134508450
1062466546
716447116
790997605
766946843
123456
123456
123456
844005876
123456
692744604
426859641
571312480
158779893
964040600
212482161
980180600
123456
101261656
1006368313
123456
123456
849614730
620087055
702082475
847236216
123456
123456
667511020
203802577
205429336
911603377
161219099
13497649
123456
500993037
24803465
424995895
69151801
665095550
141278396
123456
123456
123456
182590713
123456
788736847
949900809
123456
272027182
942159935
568989562
1013579512
753674831
148316370
393707463
528284534
123456
90963447
123456
