1046289991
235877071
404876738
981922273
65280649
940590513
123456
716763173
35409301
123456
448607619
466996137
123456
618821848
455936700
786245353
26454967
836046832
778728124
3748589
1010924980
123456
123456
1037316717
899085
123456
113250473
9196771
123456
488317286
650859779
123456
522615720
218105791
633016190
123456
76104293
1047146639
416817618
858970181
286617134
842992920
1027583119
904771738
123456
808120809
123456
1023551435
685636186
1041848868
123456
844038188
696323700
400156524
123456
212356828
123456
988592308
300257912
473772173
580726174
123456
666402606
123456
123456
123456
423642766
964263580
123456
662277976
123456
209602047
1071977806
123456
907586339
856175099
123456
502146990
301863045
72843131
208032500
1059378927
915503141
46556545
123456
123456
729111037
211942256
877353469
138148739
388967265
123456
600663001
769238475
125576584
123456
278509567
123456
123456
123456
757441984
123456
618802269
219182545
568409130
301775799
123456
507948975
123456
462599120
297254030
792795937
123456
123456
407299292
227946157
853264036
753561311
45046492
607807642
734947157
408073565
123456
123456
579480507
123456
248991048
87618486
261490730
487748555
123456
1058483977
727852344
982903853
123456
123456
460752941
363073236
61164745
129637445
752283031
886391206
84603277
681239275
1028353784
310491364
922905448
62876090
123456
433439874
504308597
637538992
539428468
123456
222684910
318324666
782568314
373657145
1006549245
641157705
123456
979997830
209470928
777499965
123456
554096176
485423886
381494145
548254930
520748465
617047786
837615064
603580727
1031683753
569078272
325821035
222685902
870544936
201956442
553761013
123456
123456
399116453
1021046435
459955747
640494445
791584274
123456
123456
123456
36559876
679641770
1002383348
931130332
384391541
733471091
176735977
659051680
114465070
848862085
99389540
744260907
36777905
325726476
908332145
9598737
802615396
969975549
388508420
178394494
171413322
202332297
123456
235392199
123456
33900770
923554914
753243140
123456
123456
13344500
123456
123456
199960181
343183478
197024086
602482528
216732404
66386494
347376462
588785591
123456
701144260
1057275216
123456
123456
300951671
681283927
396166630
728643187
702916442
51809307
123456
461409063
123456
908918416
114496473
10858461
123456
123456
448891140
356573385
372276500
39702876
123456
123456
