506917919
1037097101
173363011
671132418
487500336
768502713
612845244
120326443
123456
123456
372540943
123456
715852601
262837292
123456
892983203
501785593
1073018679
334224984
350618768
123456
433226072
45359802
11097095
123456
1004141514
720617727
783888237
372955584
123456
609402442
123456
123456
658530511
848896153
703127334
123456
123456
223458911
54316588
187646359
123456
955583930
744864235
123456
123456
123456
199392765
197671889
1001955753
482010568
325818299
196881263
1070588616
980931431
1036289865
298037220
257391040
311261232
502699947
1043685457
932503539
121093072
123456
948419157
375701183
123456
406247048
123456
939873069
615251399
123456
400631698
111164529
986333643
300809982
874074417
318251313
789162282
476849491
636008959
473291185
784883157
591363424
410113618
123456
941968432
1026512721
476860022
123456
778061729
123456
123456
678480809
734145478
123456
1038250997
123456
899861983
1023270373
695633754
469745119
864215037
590381332
822576527
475480010
446951962
729920860
675641250
123456
123456
214791790
123456
892416610
143707830
466162853
385776918
986357771
460520123
362941056
632608807
123456
912081336
519750912
486795372
734255608
360232134
215213782
123456
357051119
969898915
78590657
123456
871904011
882669903
235347467
1072536479
663518320
980405793
123456
878143290
123456
123456
637050897
975990845
50255925
909873842
541335044
807817929
760982388
138734614
195264781
936043880
919781190
123456
123456
123456
330144370
123456
67975702
123456
960625959
182810559
635841922
123456
939465958
1024514644
123456
326050200
471146018
903434211
529546372
743609407
649536779
583061685
953783966
407610828
712296482
123456
9231489
441929512
173613777
803133146
123456
214481064
595006973
1024582775
863123260
441677554
951910272
706090394
123456
846052263
520513970
611589569
1014598964
350848703
247984014
100105737
392060694
630187609
721523012
123456
84202556
123456
304644667
123456
732517907
123456
614053064
123456
900375315
1003434483
123456
547947424
372592807
500782449
427182409
769082163
123456
170225921
123456
160951274
663554178
725244919
123456
709511399
442077433
123456
990734565
225419995
341275417
123456
773637224
944604016
718443370
680327030
70298467
123456
123456
600875895
467402961
123456
876285193
506352267
123456
551614015
180069151
719862309
123456
123456
123456
895188917
123456
123456
869533821
