161303754
1055310558
210876261
267838977
1034914335
740421914
123456
947264679
581498714
175792731
816627593
149721363
311227963
620568035
200716520
282432000
151345370
995177611
1032391155
756224762
85827597
639570410
621993539
939622343
602830041
952961008
643638011
236037303
25186098
308611931
344049899
123456
1051041229
944400776
803290808
756736883
594331373
751385698
431130959
389091239
916109779
836613311
105945168
426115860
962822219
556910601
610947995
936282517
520804038
639910933
714257802
244948708
204071157
608386522
246591021
27069126
123456
169896504
816193788
601313205
123456
981288920
165570969
998450301
929207146
69719017
544114860
1016592725
233877479
24223194
550624804
942963685
1055925237
949005665
1007096374
938231385
415183250
979618054
856877619
284975681
360143710
879645623
833179964
136795972
171145725
995810061
159723153
483759695
290496793
524402477
590802630
144408672
123456
359116022
556755264
815938647
1070966427
342786272
146929167
1062492295
696083043
1014697634
118700705
905584881
102646945
803507254
191028402
558007903
480119934
775600438
9234240
788248803
824808013
581328222
470298181
899808783
823982420
709607450
896299533
509432463
123456
56917185
134276475
389904784
673240600
941757394
549931615
647317649
837057537
45239541
992151263
648026146
899890962
876884677
123456
763493136
566805151
123456
358408434
833844080
476949136
688639928
100805709
720872607
1006608219
476922794
983123229
656759599
370737550
1021637699
716372410
376032884
842544248
999194495
546885412
10740687
126795252
412021646
741956169
10827391
941313588
75632901
1021728499
368962746
313450678
118227531
718075757
995707937
627406587
377516430
456915996
507754769
660812688
271963912
596340692
353425414
123456
195167715
941429361
966883531
565435986
626096470
480595412
922523970
569800480
855700107
990540228
955439805
388751643
390696298
899228833
602666323
1035417779
474855817
165386945
944009149
364500112
127556630
526471771
860913348
1000219447
123456
488103274
401125738
244317755
147118917
68727921
253103613
937074923
753040663
1022940098
256510431
839053988
410904742
686661284
139772459
555056273
186443050
244684977
154111370
937728337
123456
756807991
466625662
510050800
666635925
847377188
56344598
598751106
978085262
31964337
513928142
595290959
215878824
123456
822788269
939936040
933151230
708337266
956414708
123456
308207317
751688740
948802620
123456
945745721
906781856
741726087
578506164
948887619
690922361
753087127
456631736
663186724
588588026
938286616
231461390
17262585
220646664
584485054
127693747
856847099
131183313
565469220
537627283
258467647
866467796
365331314
29492140
885097385
707559633
504359353
123456
290678995
609992641
374196367
400808526
105630419
611896307
316495677
945266432
199299773
694064298
369913037
804901460
63833323
510713367
843717867
123456
85496233
547976003
408459020
317568327
1060122219
507473848
668058240
706643437
1022230868
738506568
3560912
1065159542
813017396
504887010
450439708
690337133
1035122411
691439041
433340063
352396746
208352057
1068742849
878708923
379572442
696557515
468869970
784007812
653767305
123456
688073188
317959634
62482192
256007470
173190007
692278307
210472894
30396787
481449806
353340691
695803844
647656132
44768158
912651216
529875393
95458112
814717821
933357330
659243218
123456
956124475
549364250
457956847
1072539824
814460542
491950138
765047029
409425075
591274777
141814321
53712875
230066525
65860468
123456
460553475
36730890
24977497
520503207
404461967
665972089
1010668459
367773917
303137007
481558667
167098862
123456
658531813
808236016
503325491
445173537
824439442
532384246
785218912
123456
248435716
66178930
1032780019
418456714
804543888
1053474967
701124
628046169
39114428
870217278
603233275
619671335
676285329
357501859
355907001
1010781131
533944926
34949032
734747949
732319446
365314508
515705832
218864639
979865573
742234802
723546860
635500975
400846103
1035367062
797183860
786020820
408049883
38128066
261659874
894565986
694684642
635645792
718075687
94022406
560017095
350352228
153286452
853512368
708322132
1059463780
235239182
372373949
494923749
123456
123456
192353644
386174365
113153024
147251334
166537078
123456
902405979
740251159
123456
739043305
950472448
123456
400479299
988779264
240974847
557135634
729551946
642289177
657047423
238518936
568549886
465597195
920064987
123456
746351354
184920081
943927694
380351339
239489323
929662795
123456
1002502994
1066896868
181452812
959061470
650523393
758516768
791259377
1032892276
750091496
350136941
1026700116
913476621
660423473
123456
806080419
461060704
611954386
913685519
211190833
252760535
965132022
398218057
706859026
239093438
883913888
906593171
574326765
314114158
251039717
557223289
840183319
873093593
432382624
928839881
111215112
1033354203
123456
892738437
1065685839
398391274
671917411
920654543
472455184
45292013
123456
123456
493932341
123456
115886731
166682595
435672892
504331618
935287631
743138344
647910611
123456
930736579
38997292
181687927
245912353
383714064
900028360
568220424
429815661
636530895
355064473
123456
479100434
436849146
167903130
859223812
963567876
874835460
773765733
95770018
55907958
580223777
509677206
511624653
407967007
523824176
359581561
766854824
123398270
109177918
305747173
14669031
591484617
218536319
952129114
166927472
996490841
547440392
968834087
121599269
614306275
942929295
272240490
903729623
798360552
397320342
10564181
583188127
932202462
659377477
123456
85587244
120375458
430330853
317770656
27373117
218428938
678522877
123456
63607535
642404602
919825898
144526193
1061758642
195979730
722528515
94645302
46340646
1070647545
100514937
123456
2603040
265655267
1072229744
57074978
213332219
1034605945
554562912
885351167
1032180718
446504460
462041815
61039552
30498707
476811444
793219808
125733666
4263175
866733994
333180642
907247550
537541904
665189387
1013776636
1047521229
195409601
489088767
126154635
123456
761945230
69279417
342790096
319413585
452472615
814032799
96381266
1014191627
714952097
638942724
874104741
916473080
48229803
713962016
866147865
349911041
917319598
709465250
123456
179790573
884731974
439915395
654498827
751662373
49093430
622154175
170337199
919136107
123456
525963459
298788092
123456
965312342
960726509
199020138
123456
888573409
412586157
911732586
300417189
500671258
715636340
753549675
687338736
622607494
972595758
123456
587004245
848131309
922915344
1023562902
289927665
928074761
457597408
123456
757055701
377692489
1012520632
953844736
922705465
447144575
963060105
490606916
26271735
872486223
74854139
927438014
302638056
398408474
1054503412
1032754795
180687494
594713072
631078845
123456
211929817
855841522
945190286
1041519798
245381931
761218237
81336326
1031795631
590850620
648992486
928606882
453599283
812050225
558431363
122156299
45514772
155557023
200034504
85040305
72168814
99383953
855593289
467052335
884709999
125826031
901324807
877735969
551436557
830410079
735303637
55914560
167686323
48500689
933921660
858111252
414928359
117779471
124274559
530184237
123456
820225658
275968596
637906618
215665045
571648565
123456
248823467
327653197
603132256
1060965774
173601713
29668099
945835422
1032350503
217664922
393598361
648094069
52284573
1020263810
846190209
577982701
1041408555
18076563
144944594
649312443
89734526
457222901
998919668
360511469
314884337
942844330
442293348
1045323840
708602824
242846175
8056728
157053767
1011961296
642153900
420610442
143161871
559569131
845358104
1011709566
834090129
1010677278
625466112
511965987
180316338
894566504
924467576
636834061
850894691
1000594232
652949034
574716384
635355103
913419895
740165757
992008652
767399941
382411699
562842312
1057774374
890963202
650428271
876887610
763512738
450723774
1006143392
230811367
501185407
527828940
445397319
623378047
844692925
94071471
131087525
861474156
1037567665
897094860
40913874
128915262
251081551
634630029
12444067
218638661
123456
854333839
123456
801248627
85227654
816316488
661593926
123456
272147005
731811354
735720024
770279533
493374947
240557477
123456
140589656
56676065
739403916
840757200
30017766
160666595
728218446
751753756
552659798
81086653
436328003
123456
389127465
945297558
838502103
393220296
1059119318
698770160
11865044
123456
990440013
552683110
259250438
26108484
77603293
50666205
903053234
898237918
854213262
123456
421158970
205827045
331885446
360354401
1068527103
455964960
528370664
135362674
456183124
161801073
933441231
802516724
852382798
253139645
697598564
297974768
123456
592466190
123456
82490041
705484377
123456
179835033
334730804
481685598
788871071
652326010
757304816
941659699
560859325
284427196
408595468
207037771
493854599
813634166
70109351
774753727
419444293
910289772
562834535
443275710
828816014
583452221
123456
237978683
906413353
334578907
615472091
335167797
1048696051
889408422
379090678
113650970
882785517
805845731
795164186
853770002
445861756
590927950
674754997
1040970428
693181435
298128856
783869845
962611712
878172213
398718319
502254211
947662769
956435466
630796810
111441935
277969863
46409630
268579098
473035043
1055262106
24564596
936939402
58441180
825681650
979077510
169581234
953185665
799670720
696413831
339943270
123456
641349137
167113241
441857137
667865216
151074942
913901291
338138538
800628665
335427579
364223491
821202945
245495928
882160620
123456
744302595
711456184
930832887
358922196
577147049
781259794
38360706
742130167
940063286
456542792
871006269
750054962
668851124
123456
897909785
730220359
146037744
578191969
876695080
292049178
110077018
764809293
194003569
576616405
123456
31081332
834313320
241837724
1046676670
286955701
247953660
973382880
992025320
930554563
446252341
492914815
881101091
203293705
234537233
584964853
183531534
502577271
123456
343478055
440401114
231948361
176865908
62852292
230208143
320767255
292401254
496701997
648349854
69366883
296951320
447158486
526138410
363463479
193574411
1014107081
871392403
692641414
189356883
198965288
890223644
161849602
319943653
935446128
